0.000000,0.000000,0.000000,0.000000,0.000000,0.000000,0.000000,0.000000,0.000000,0.000000,0.000000,0.000000,0
1.000000,0.000000,0.000000,0.000000,1.000000,0.000000,0.000000,0.000000,1.000000,0.199200,0.000000,0.753500,0
1.000000,0.000000,0.000015,0.000000,1.000000,0.000000,-0.000015,0.000000,1.000000,0.199225,-0.000000,0.753500,0
1.000000,0.000000,0.000059,0.000000,1.000000,0.000000,-0.000059,0.000000,1.000000,0.199298,0.000000,0.753500,0
1.000000,0.000000,0.000133,0.000000,1.000000,0.000000,-0.000133,0.000000,1.000000,0.199420,-0.000000,0.753500,0
1.000000,0.000000,0.000235,0.000000,1.000000,0.000000,-0.000235,0.000000,1.000000,0.199591,-0.000000,0.753500,0
1.000000,0.000000,0.000367,0.000000,1.000000,0.000000,-0.000367,0.000000,1.000000,0.199809,0.000000,0.753500,0
1.000000,0.000000,0.000527,0.000000,1.000000,0.000000,-0.000527,0.000000,1.000000,0.200076,0.000000,0.753499,0
1.000000,0.000000,0.000717,0.000000,1.000000,0.000000,-0.000717,0.000000,1.000000,0.200390,-0.000000,0.753498,0
1.000000,0.000000,0.000934,0.000000,1.000000,0.000000,-0.000934,0.000000,1.000000,0.200752,-0.000000,0.753497,0
0.999999,0.000000,0.001181,0.000000,1.000000,0.000000,-0.001181,0.000000,0.999999,0.201161,-0.000000,0.753495,0
0.999999,0.000000,0.001455,0.000000,1.000000,0.000000,-0.001455,0.000000,0.999999,0.201617,-0.000000,0.753492,0
0.999998,0.000000,0.001758,0.000000,1.000000,0.000000,-0.001758,0.000000,0.999998,0.202120,-0.000000,0.753489,0
0.999998,0.000000,0.002088,0.000000,1.000000,0.000000,-0.002088,0.000000,0.999998,0.202670,-0.000000,0.753484,0
0.999997,0.000000,0.002446,0.000000,1.000000,0.000000,-0.002446,0.000000,0.999997,0.203266,0.000000,0.753478,0
0.999996,0.000000,0.002832,0.000000,1.000000,0.000000,-0.002832,0.000000,0.999996,0.203907,-0.000000,0.753471,0
0.999995,0.000000,0.003246,0.000000,1.000000,0.000000,-0.003246,0.000000,0.999995,0.204595,0.000000,0.753462,0
0.999993,0.000000,0.003687,0.000000,1.000000,0.000000,-0.003687,0.000000,0.999993,0.205329,0.000000,0.753451,0
0.999991,0.000000,0.004155,0.000000,1.000000,0.000000,-0.004155,0.000000,0.999991,0.206107,0.000000,0.753437,0
0.999989,0.000000,0.004650,0.000000,1.000000,0.000000,-0.004650,0.000000,0.999989,0.206931,0.000000,0.753422,0
0.999987,0.000000,0.005171,0.000000,1.000000,0.000000,-0.005171,0.000000,0.999987,0.207800,0.000000,0.753403,0
0.999984,0.000000,0.005720,0.000000,1.000000,0.000000,-0.005720,0.000000,0.999984,0.208714,0.000000,0.753381,0
0.999980,0.000000,0.006295,0.000000,1.000000,0.000000,-0.006295,0.000000,0.999980,0.209672,0.000000,0.753356,0
0.999976,0.000000,0.006897,0.000000,1.000000,0.000000,-0.006897,0.000000,0.999976,0.210675,0.000000,0.753327,0
0.999972,0.000000,0.007525,0.000000,1.000000,0.000000,-0.007525,0.000000,0.999972,0.211721,0.000000,0.753294,0
0.999967,0.000000,0.008179,0.000000,1.000000,0.000000,-0.008179,0.000000,0.999967,0.212811,0.000000,0.753257,0
0.999961,0.000000,0.008859,0.000000,1.000000,0.000000,-0.008859,0.000000,0.999961,0.213945,0.000000,0.753215,0
0.999954,0.000000,0.009565,0.000000,1.000000,0.000000,-0.009565,0.000000,0.999954,0.215122,0.000000,0.753167,0
0.999947,0.000000,0.010296,0.000000,1.000000,0.000000,-0.010296,0.000000,0.999947,0.216342,0.000000,0.753114,0
0.999939,0.000000,0.011053,0.000000,1.000000,0.000000,-0.011053,0.000000,0.999939,0.217605,0.000000,0.753055,0
0.999930,0.000000,0.011836,0.000000,1.000000,0.000000,-0.011836,0.000000,0.999930,0.218911,0.000000,0.752990,0
0.999920,0.000000,0.012643,0.000000,1.000000,0.000000,-0.012643,0.000000,0.999920,0.220258,0.000000,0.752918,0
0.999909,0.000000,0.013476,0.000000,1.000000,0.000000,-0.013476,0.000000,0.999909,0.221648,0.000000,0.752838,0
0.999897,0.000000,0.014334,0.000000,1.000000,0.000000,-0.014334,0.000000,0.999897,0.223079,0.000000,0.752751,0
0.999884,0.000000,0.015216,0.000000,1.000000,0.000000,-0.015216,0.000000,0.999884,0.224552,0.000000,0.752656,0
0.999870,0.000000,0.016123,0.000000,1.000000,0.000000,-0.016123,0.000000,0.999870,0.226066,0.000000,0.752552,0
0.999855,0.000000,0.017056,0.000000,1.000000,0.000000,-0.017056,0.000000,0.999855,0.227613,0.000000,0.752347,0
0.999838,0.000000,0.018013,0.000000,1.000000,0.000000,-0.018013,0.000000,0.999838,0.229201,-0.000000,0.752136,0
0.999820,0.000000,0.018995,0.000000,1.000000,0.000000,-0.018995,0.000000,0.999820,0.230829,-0.000000,0.751919,0
0.999800,0.000000,0.020000,0.000000,1.000000,0.000000,-0.020000,0.000000,0.999800,0.232496,-0.000000,0.751696,0
0.999779,0.000000,0.021030,0.000000,1.000000,0.000000,-0.021030,0.000000,0.999779,0.234204,-0.000000,0.751466,0
0.999756,0.000000,0.022083,0.000000,1.000000,0.000000,-0.022083,0.000000,0.999756,0.235950,-0.000000,0.751231,0
0.999732,0.000000,0.023160,0.000000,1.000000,0.000000,-0.023160,0.000000,0.999732,0.237735,-0.000000,0.750988,0
0.999706,0.000000,0.024260,0.000000,1.000000,0.000000,-0.024260,0.000000,0.999706,0.239559,-0.000000,0.750739,0
0.999678,0.000000,0.025384,0.000000,1.000000,0.000000,-0.025384,0.000000,0.999678,0.241422,-0.000000,0.750484,0
0.999648,0.000000,0.026530,0.000000,1.000000,0.000000,-0.026530,0.000000,0.999648,0.243323,-0.000000,0.750221,0
0.999616,0.000000,0.027700,0.000000,1.000000,0.000000,-0.027700,0.000000,0.999616,0.245261,-0.000000,0.749951,0
0.999583,0.000000,0.028893,0.000000,1.000000,0.000000,-0.028893,0.000000,0.999583,0.247238,-0.000000,0.749674,0
0.999547,0.000000,0.030108,0.000000,1.000000,0.000000,-0.030108,0.000000,0.999547,0.249252,-0.000000,0.749388,0
0.999509,0.000000,0.031347,0.000000,1.000000,0.000000,-0.031347,0.000000,0.999509,0.251303,-0.000000,0.749096,0
0.999468,0.000000,0.032607,0.000000,1.000000,0.000000,-0.032607,0.000000,0.999468,0.253390,-0.000000,0.748795,0
0.999426,0.000000,0.033890,0.000000,1.000000,0.000000,-0.033890,0.000000,0.999426,0.255515,-0.000000,0.748486,0
0.999380,0.000000,0.035195,0.000000,1.000000,0.000000,-0.035195,0.000000,0.999380,0.257675,-0.000000,0.748170,0
0.999333,0.000000,0.036521,0.000000,1.000000,0.000000,-0.036521,0.000000,0.999333,0.259872,-0.000000,0.747845,0
0.999283,0.000000,0.037870,0.000000,1.000000,0.000000,-0.037870,0.000000,0.999283,0.262104,-0.000000,0.747511,0
0.999230,0.000000,0.039240,0.000000,1.000000,0.000000,-0.039240,0.000000,0.999230,0.264372,-0.000000,0.747170,0
0.999174,0.000000,0.040632,0.000000,1.000000,0.000000,-0.040632,0.000000,0.999174,0.266675,-0.000000,0.746820,0
0.999116,0.000000,0.042045,0.000000,1.000000,0.000000,-0.042045,0.000000,0.999116,0.269013,-0.000000,0.746462,0
0.999054,0.000000,0.043479,0.000000,1.000000,0.000000,-0.043479,0.000000,0.999054,0.271386,-0.000000,0.746095,0
0.998990,0.000000,0.044934,0.000000,1.000000,0.000000,-0.044934,0.000000,0.998990,0.273793,-0.000000,0.745720,0
0.998922,0.000000,0.046411,0.000000,1.000000,0.000000,-0.046411,0.000000,0.998922,0.276235,-0.000000,0.745336,0
0.998852,0.000000,0.047908,0.000000,1.000000,0.000000,-0.047908,0.000000,0.998852,0.278710,-0.000000,0.744943,0
0.998778,0.000000,0.049425,0.000000,1.000000,0.000000,-0.049425,0.000000,0.998778,0.281219,-0.000000,0.744541,0
0.998701,0.000000,0.050963,0.000000,1.000000,0.000000,-0.050963,0.000000,0.998701,0.283761,-0.000000,0.744129,0
0.998620,0.000000,0.052521,0.000000,1.000000,0.000000,-0.052521,0.000000,0.998620,0.286336,-0.000000,0.743709,0
0.998536,0.000000,0.054099,0.000000,1.000000,0.000000,-0.054099,0.000000,0.998536,0.288944,-0.000000,0.743279,0
0.998448,0.000000,0.055697,0.000000,1.000000,0.000000,-0.055697,0.000000,0.998448,0.291584,-0.000000,0.742839,0
0.998356,0.000000,0.057315,0.000000,1.000000,0.000000,-0.057315,0.000000,0.998356,0.294257,-0.000000,0.742390,0
0.998261,0.000000,0.058953,0.000000,1.000000,0.000000,-0.058953,0.000000,0.998261,0.296961,-0.000000,0.741931,0
0.998162,0.000000,0.060610,0.000000,1.000000,0.000000,-0.060610,0.000000,0.998162,0.299697,-0.000000,0.741462,0
0.998058,0.000000,0.062286,0.000000,1.000000,0.000000,-0.062286,0.000000,0.998058,0.302465,-0.000000,0.740982,0
0.997951,0.000000,0.063982,0.000000,1.000000,0.000000,-0.063982,0.000000,0.997951,0.305263,-0.000000,0.740493,0
0.997840,0.000000,0.065696,0.000000,1.000000,0.000000,-0.065696,0.000000,0.997840,0.308093,-0.000000,0.739994,0
0.997724,0.000000,0.067429,0.000000,1.000000,0.000000,-0.067429,0.000000,0.997724,0.310953,-0.000000,0.739483,0
0.997604,0.000000,0.069181,0.000000,1.000000,0.000000,-0.069181,0.000000,0.997604,0.313843,-0.000000,0.738963,0
0.997480,0.000000,0.070952,0.000000,1.000000,0.000000,-0.070952,0.000000,0.997480,0.316763,-0.000000,0.738432,0
0.997351,0.000000,0.072741,0.000000,1.000000,0.000000,-0.072741,0.000000,0.997351,0.319713,-0.000000,0.737890,0
0.997217,0.000000,0.074548,0.000000,1.000000,0.000000,-0.074548,0.000000,0.997217,0.322692,-0.000000,0.737337,0
0.997079,0.000000,0.076373,0.000000,1.000000,0.000000,-0.076373,0.000000,0.997079,0.325700,-0.000000,0.736773,0
0.996936,0.000000,0.078216,0.000000,1.000000,0.000000,-0.078216,0.000000,0.996936,0.328737,-0.000000,0.736198,0
0.996789,0.000000,0.080076,0.000000,1.000000,0.000000,-0.080076,0.000000,0.996789,0.331803,-0.000000,0.735611,0
0.996636,0.000000,0.081954,0.000000,1.000000,0.000000,-0.081954,0.000000,0.996636,0.334896,-0.000000,0.735014,0
0.996478,0.000000,0.083850,0.000000,1.000000,0.000000,-0.083850,0.000000,0.996478,0.338018,-0.000000,0.734404,0
0.996316,0.000000,0.085763,0.000000,1.000000,0.000000,-0.085763,0.000000,0.996316,0.341168,-0.000000,0.733784,0
0.996148,0.000000,0.087692,0.000000,1.000000,0.000000,-0.087692,0.000000,0.996148,0.344344,-0.000000,0.733151,0
0.995974,0.000000,0.089639,0.000000,1.000000,0.000000,-0.089639,0.000000,0.995974,0.347548,-0.000000,0.732507,0
0.995796,0.000000,0.091602,0.000000,1.000000,0.000000,-0.091602,0.000000,0.995796,0.350779,-0.000000,0.731850,0
0.995612,0.000000,0.093582,0.000000,1.000000,0.000000,-0.093582,0.000000,0.995612,0.354036,-0.000000,0.731182,0
0.995422,0.000000,0.095579,0.000000,1.000000,0.000000,-0.095579,0.000000,0.995422,0.357320,-0.000000,0.730502,0
0.995227,0.000000,0.097591,0.000000,1.000000,0.000000,-0.097591,0.000000,0.995227,0.360629,-0.000000,0.729809,0
0.995026,0.000000,0.099620,0.000000,1.000000,0.000000,-0.099620,0.000000,0.995026,0.363964,-0.000000,0.729104,0
0.994819,0.000000,0.101664,0.000000,1.000000,0.000000,-0.101664,0.000000,0.994819,0.367324,-0.000000,0.728386,0
0.994606,0.000000,0.103725,0.000000,1.000000,0.000000,-0.103725,0.000000,0.994606,0.370710,-0.000000,0.727655,0
0.994387,0.000000,0.105800,0.000000,1.000000,0.000000,-0.105800,0.000000,0.994387,0.374120,-0.000000,0.726912,0
0.994163,0.000000,0.107892,0.000000,1.000000,0.000000,-0.107892,0.000000,0.994163,0.377554,-0.000000,0.726156,0
0.993932,0.000000,0.109998,0.000000,1.000000,0.000000,-0.109998,0.000000,0.993932,0.381013,-0.000000,0.725388,0
0.993695,0.000000,0.112120,0.000000,1.000000,0.000000,-0.112120,0.000000,0.993695,0.384496,-0.000000,0.724606,0
0.993451,0.000000,0.114256,0.000000,1.000000,0.000000,-0.114256,0.000000,0.993451,0.388002,-0.000000,0.723811,0
0.993202,0.000000,0.116407,0.000000,1.000000,0.000000,-0.116407,0.000000,0.993202,0.391532,-0.000000,0.723002,0
0.992945,0.000000,0.118573,0.000000,1.000000,0.000000,-0.118573,0.000000,0.992945,0.395084,-0.000000,0.722181,0
0.992683,0.000000,0.120753,0.000000,1.000000,0.000000,-0.120753,0.000000,0.992683,0.398659,-0.000000,0.721346,0
0.992413,0.000000,0.122947,0.000000,1.000000,0.000000,-0.122947,0.000000,0.992413,0.402257,-0.000000,0.720497,0
0.992137,0.000000,0.125155,0.000000,1.000000,0.000000,-0.125155,0.000000,0.992137,0.405877,-0.000000,0.719635,0
0.991854,0.000000,0.127378,0.000000,1.000000,0.000000,-0.127378,0.000000,0.991854,0.409518,-0.000000,0.718758,0
0.991565,0.000000,0.129613,0.000000,1.000000,0.000000,-0.129613,0.000000,0.991565,0.413182,-0.000000,0.717868,0
0.991268,0.000000,0.131863,0.000000,1.000000,0.000000,-0.131863,0.000000,0.991268,0.416866,-0.000000,0.716964,0
0.990964,0.000000,0.134126,0.000000,1.000000,0.000000,-0.134126,0.000000,0.990964,0.420571,-0.000000,0.716047,0
0.990654,0.000000,0.136402,0.000000,1.000000,0.000000,-0.136402,0.000000,0.990654,0.424297,-0.000000,0.715114,0
0.990336,0.000000,0.138691,0.000000,1.000000,0.000000,-0.138691,0.000000,0.990336,0.428043,-0.000000,0.714168,0
0.990011,0.000000,0.140992,0.000000,1.000000,0.000000,-0.140992,0.000000,0.990011,0.431809,-0.000000,0.713207,0
0.989678,0.000000,0.143307,0.000000,1.000000,0.000000,-0.143307,0.000000,0.989678,0.435595,-0.000000,0.712232,0
0.989339,0.000000,0.145634,0.000000,1.000000,0.000000,-0.145634,0.000000,0.989339,0.439400,-0.000000,0.711243,0
0.988991,0.000000,0.147973,0.000000,1.000000,0.000000,-0.147973,0.000000,0.988991,0.443225,-0.000000,0.710239,0
0.988637,0.000000,0.150325,0.000000,1.000000,0.000000,-0.150325,0.000000,0.988637,0.447068,-0.000000,0.709220,0
0.988274,0.000000,0.152688,0.000000,1.000000,0.000000,-0.152688,0.000000,0.988274,0.450929,-0.000000,0.708186,0
0.987904,0.000000,0.155064,0.000000,1.000000,0.000000,-0.155064,0.000000,0.987904,0.454809,-0.000000,0.707138,0
0.987527,0.000000,0.157451,0.000000,1.000000,0.000000,-0.157451,0.000000,0.987527,0.458707,-0.000000,0.706075,0
0.987141,0.000000,0.159849,0.000000,1.000000,0.000000,-0.159849,0.000000,0.987141,0.462623,-0.000000,0.704996,0
0.986748,0.000000,0.162259,0.000000,1.000000,0.000000,-0.162259,0.000000,0.986748,0.466555,-0.000000,0.703903,0
0.986347,0.000000,0.164679,0.000000,1.000000,0.000000,-0.164679,0.000000,0.986347,0.470505,-0.000000,0.702795,0
0.985938,0.000000,0.167111,0.000000,1.000000,0.000000,-0.167111,0.000000,0.985938,0.474471,-0.000000,0.701671,0
0.985521,0.000000,0.169554,0.000000,1.000000,0.000000,-0.169554,0.000000,0.985521,0.478454,-0.000000,0.700532,0
0.985096,0.000000,0.172007,0.000000,1.000000,0.000000,-0.172007,0.000000,0.985096,0.482453,-0.000000,0.699378,0
0.984662,0.000000,0.174470,0.000000,1.000000,0.000000,-0.174470,0.000000,0.984662,0.486468,-0.000000,0.698208,0
0.984221,0.000000,0.176944,0.000000,1.000000,0.000000,-0.176944,0.000000,0.984221,0.490498,-0.000000,0.697023,0
0.983771,0.000000,0.179427,0.000000,1.000000,0.000000,-0.179427,0.000000,0.983771,0.494543,-0.000000,0.695823,0
0.983313,0.000000,0.181921,0.000000,1.000000,0.000000,-0.181921,0.000000,0.983313,0.498603,-0.000000,0.694607,0
0.982847,0.000000,0.184424,0.000000,1.000000,0.000000,-0.184424,0.000000,0.982847,0.502678,-0.000000,0.693375,0
0.982372,0.000000,0.186937,0.000000,1.000000,0.000000,-0.186937,0.000000,0.982372,0.506767,-0.000000,0.692128,0
0.981889,0.000000,0.189459,0.000000,1.000000,0.000000,-0.189459,0.000000,0.981889,0.510870,-0.000000,0.690864,0
0.981397,0.000000,0.191990,0.000000,1.000000,0.000000,-0.191990,0.000000,0.981397,0.514986,-0.000000,0.689585,0
0.980896,0.000000,0.194531,0.000000,1.000000,0.000000,-0.194531,0.000000,0.980896,0.519116,-0.000000,0.688291,0
0.980387,0.000000,0.197080,0.000000,1.000000,0.000000,-0.197080,0.000000,0.980387,0.523259,-0.000000,0.686980,0
0.979870,0.000000,0.199637,0.000000,1.000000,0.000000,-0.199637,0.000000,0.979870,0.527415,-0.000000,0.685653,0
0.979343,0.000000,0.202204,0.000000,1.000000,0.000000,-0.202204,0.000000,0.979343,0.531583,-0.000000,0.684311,0
0.978808,0.000000,0.204778,0.000000,1.000000,0.000000,-0.204778,0.000000,0.978808,0.535763,-0.000000,0.682952,0
0.978265,0.000000,0.207361,0.000000,1.000000,0.000000,-0.207361,0.000000,0.978265,0.539955,-0.000000,0.681578,0
0.977712,0.000000,0.209951,0.000000,1.000000,0.000000,-0.209951,0.000000,0.977712,0.544159,-0.000000,0.680187,0
0.977150,0.000000,0.212549,0.000000,1.000000,0.000000,-0.212549,0.000000,0.977150,0.548373,-0.000000,0.678780,0
0.976580,0.000000,0.215155,0.000000,1.000000,0.000000,-0.215155,0.000000,0.976580,0.552599,-0.000000,0.677357,0
0.976001,0.000000,0.217768,0.000000,1.000000,0.000000,-0.217768,0.000000,0.976001,0.556835,-0.000000,0.675918,0
0.975412,0.000000,0.220388,0.000000,1.000000,0.000000,-0.220388,0.000000,0.975412,0.561082,-0.000000,0.674463,0
0.974815,0.000000,0.223016,0.000000,1.000000,0.000000,-0.223016,0.000000,0.974815,0.565338,-0.000000,0.672991,0
0.974208,0.000000,0.225650,0.000000,1.000000,0.000000,-0.225650,0.000000,0.974208,0.569605,-0.000000,0.671504,0
0.973593,0.000000,0.228291,0.000000,1.000000,0.000000,-0.228291,0.000000,0.973593,0.573880,-0.000000,0.670000,0
0.972969,0.000000,0.230938,0.000000,1.000000,0.000000,-0.230938,0.000000,0.972969,0.578165,-0.000000,0.668480,0
0.972335,0.000000,0.233591,0.000000,1.000000,0.000000,-0.233591,0.000000,0.972335,0.582458,-0.000000,0.666943,0
0.971692,0.000000,0.236251,0.000000,1.000000,0.000000,-0.236251,0.000000,0.971692,0.586760,-0.000000,0.665390,0
0.971040,0.000000,0.238917,0.000000,1.000000,0.000000,-0.238917,0.000000,0.971040,0.591070,-0.000000,0.663821,0
0.970379,0.000000,0.241588,0.000000,1.000000,0.000000,-0.241588,0.000000,0.970379,0.595388,-0.000000,0.662236,0
0.969708,0.000000,0.244265,0.000000,1.000000,0.000000,-0.244265,0.000000,0.969708,0.599714,-0.000000,0.660634,0
0.969029,0.000000,0.246947,0.000000,1.000000,0.000000,-0.246947,0.000000,0.969029,0.604046,-0.000000,0.659016,0
0.968340,0.000000,0.249635,0.000000,1.000000,0.000000,-0.249635,0.000000,0.968340,0.608386,-0.000000,0.657382,0
0.967642,0.000000,0.252328,0.000000,1.000000,0.000000,-0.252328,0.000000,0.967642,0.612733,-0.000000,0.655732,0
0.966934,0.000000,0.255025,0.000000,1.000000,0.000000,-0.255025,0.000000,0.966934,0.617085,-0.000000,0.654065,0
0.966218,0.000000,0.257727,0.000000,1.000000,0.000000,-0.257727,0.000000,0.966218,0.621444,-0.000000,0.652382,0
0.965492,0.000000,0.260434,0.000000,1.000000,0.000000,-0.260434,0.000000,0.965492,0.625809,-0.000000,0.650682,0
0.964756,0.000000,0.263145,0.000000,1.000000,0.000000,-0.263145,0.000000,0.964756,0.630179,-0.000000,0.648967,0
0.964012,0.000000,0.265860,0.000000,1.000000,0.000000,-0.265860,0.000000,0.964012,0.634554,-0.000000,0.647235,0
0.963258,0.000000,0.268579,0.000000,1.000000,0.000000,-0.268579,0.000000,0.963258,0.638934,-0.000000,0.645487,0
0.962494,0.000000,0.271302,0.000000,1.000000,0.000000,-0.271302,0.000000,0.962494,0.643318,-0.000000,0.643723,0
0.961721,0.000000,0.274029,0.000000,1.000000,0.000000,-0.274029,0.000000,0.961721,0.647707,-0.000000,0.641942,0
0.960939,0.000000,0.276759,0.000000,1.000000,0.000000,-0.276759,0.000000,0.960939,0.652100,-0.000000,0.640146,0
0.960148,0.000000,0.279492,0.000000,1.000000,0.000000,-0.279492,0.000000,0.960148,0.656496,-0.000000,0.638333,0
0.959347,0.000000,0.282228,0.000000,1.000000,0.000000,-0.282228,0.000000,0.959347,0.660896,-0.000000,0.636505,0
0.958537,0.000000,0.284967,0.000000,1.000000,0.000000,-0.284967,0.000000,0.958537,0.665299,-0.000000,0.634660,0
0.957718,0.000000,0.287709,0.000000,1.000000,0.000000,-0.287709,0.000000,0.957718,0.669705,-0.000000,0.632800,0
0.956889,0.000000,0.290454,0.000000,1.000000,0.000000,-0.290454,0.000000,0.956889,0.674113,-0.000000,0.630923,0
0.956051,0.000000,0.293201,0.000000,1.000000,0.000000,-0.293201,0.000000,0.956051,0.678523,-0.000000,0.629031,0
0.955204,0.000000,0.295950,0.000000,1.000000,0.000000,-0.295950,0.000000,0.955204,0.682935,-0.000000,0.627123,0
0.954347,0.000000,0.298701,0.000000,1.000000,0.000000,-0.298701,0.000000,0.954347,0.687349,-0.000000,0.625199,0
0.953481,0.000000,0.301453,0.000000,1.000000,0.000000,-0.301453,0.000000,0.953481,0.691765,-0.000000,0.623259,0
0.952606,0.000000,0.304208,0.000000,1.000000,0.000000,-0.304208,0.000000,0.952606,0.696181,-0.000000,0.621304,0
0.951721,0.000000,0.306964,0.000000,1.000000,0.000000,-0.306964,0.000000,0.951721,0.700598,-0.000000,0.619333,0
0.950827,0.000000,0.309721,0.000000,1.000000,0.000000,-0.309721,0.000000,0.950827,0.705015,-0.000000,0.617346,0
0.949924,0.000000,0.312480,0.000000,1.000000,0.000000,-0.312480,0.000000,0.949924,0.709433,-0.000000,0.615344,0
0.949012,0.000000,0.315239,0.000000,1.000000,0.000000,-0.315239,0.000000,0.949012,0.713850,-0.000000,0.613327,0
0.948091,0.000000,0.317999,0.000000,1.000000,0.000000,-0.317999,0.000000,0.948091,0.718267,-0.000000,0.611294,0
0.947161,0.000000,0.320760,0.000000,1.000000,0.000000,-0.320760,0.000000,0.947161,0.722684,-0.000000,0.609246,0
0.946221,0.000000,0.323521,0.000000,1.000000,0.000000,-0.323521,0.000000,0.946221,0.727099,-0.000000,0.607183,0
0.945272,0.000000,0.326283,0.000000,1.000000,0.000000,-0.326283,0.000000,0.945272,0.731513,-0.000000,0.605104,0
0.944315,0.000000,0.329044,0.000000,1.000000,0.000000,-0.329044,0.000000,0.944315,0.735926,-0.000000,0.603011,0
0.943348,0.000000,0.331806,0.000000,1.000000,0.000000,-0.331806,0.000000,0.943348,0.740337,-0.000000,0.600903,0
0.942372,0.000000,0.334567,0.000000,1.000000,0.000000,-0.334567,0.000000,0.942372,0.744745,-0.000000,0.598779,0
0.941387,0.000000,0.337328,0.000000,1.000000,0.000000,-0.337328,0.000000,0.941387,0.749152,-0.000000,0.596642,0
0.940394,0.000000,0.340088,0.000000,1.000000,0.000000,-0.340088,0.000000,0.940394,0.753555,-0.000000,0.594489,0
0.939391,0.000000,0.342847,0.000000,1.000000,0.000000,-0.342847,0.000000,0.939391,0.757956,-0.000000,0.592322,0
0.938380,0.000000,0.345606,0.000000,1.000000,0.000000,-0.345606,0.000000,0.938380,0.762353,-0.000000,0.590140,0
0.937360,0.000000,0.348363,0.000000,1.000000,0.000000,-0.348363,0.000000,0.937360,0.766748,-0.000000,0.587944,0
0.936331,0.000000,0.351119,0.000000,1.000000,0.000000,-0.351119,0.000000,0.936331,0.771138,-0.000000,0.585734,0
0.935293,0.000000,0.353874,0.000000,1.000000,0.000000,-0.353874,0.000000,0.935293,0.775524,-0.000000,0.583509,0
0.934247,0.000000,0.356627,0.000000,1.000000,0.000000,-0.356627,0.000000,0.934247,0.779906,-0.000000,0.581271,0
0.933192,0.000000,0.359378,0.000000,1.000000,0.000000,-0.359378,0.000000,0.933192,0.784283,-0.000000,0.579019,0
0.932129,0.000000,0.362128,0.000000,1.000000,0.000000,-0.362128,0.000000,0.932129,0.788656,-0.000000,0.576752,0
0.931057,0.000000,0.364875,0.000000,1.000000,0.000000,-0.364875,0.000000,0.931057,0.793024,-0.000000,0.574472,0
0.929976,0.000000,0.367620,0.000000,1.000000,0.000000,-0.367620,0.000000,0.929976,0.797386,-0.000000,0.572179,0
0.928887,0.000000,0.370362,0.000000,1.000000,0.000000,-0.370362,0.000000,0.928887,0.801742,-0.000000,0.569872,0
0.927790,0.000000,0.373102,0.000000,1.000000,0.000000,-0.373102,0.000000,0.927790,0.806093,-0.000000,0.567552,0
0.926685,0.000000,0.375839,0.000000,1.000000,0.000000,-0.375839,0.000000,0.926685,0.810437,-0.000000,0.565218,0
0.925571,0.000000,0.378574,0.000000,1.000000,0.000000,-0.378574,0.000000,0.925571,0.814775,-0.000000,0.562872,0
0.924449,0.000000,0.381305,0.000000,1.000000,0.000000,-0.381305,0.000000,0.924449,0.819107,-0.000000,0.560512,0
0.923320,0.000000,0.384033,0.000000,1.000000,0.000000,-0.384033,0.000000,0.923320,0.823431,-0.000000,0.558140,0
0.922182,0.000000,0.386757,0.000000,1.000000,0.000000,-0.386757,0.000000,0.922182,0.827749,-0.000000,0.555755,0
0.921036,0.000000,0.389478,0.000000,1.000000,0.000000,-0.389478,0.000000,0.921036,0.832059,-0.000000,0.553357,0
0.919882,0.000000,0.392195,0.000000,1.000000,0.000000,-0.392195,0.000000,0.919882,0.836361,-0.000000,0.550948,0
0.918721,0.000000,0.394908,0.000000,1.000000,0.000000,-0.394908,0.000000,0.918721,0.840655,-0.000000,0.548525,0
0.917551,0.000000,0.397617,0.000000,1.000000,0.000000,-0.397617,0.000000,0.917551,0.844941,-0.000000,0.546091,0
0.916374,0.000000,0.400322,0.000000,1.000000,0.000000,-0.400322,0.000000,0.916374,0.849219,-0.000000,0.543645,0
0.915190,0.000000,0.403023,0.000000,1.000000,0.000000,-0.403023,0.000000,0.915190,0.853488,-0.000000,0.541188,0
0.913998,0.000000,0.405719,0.000000,1.000000,0.000000,-0.405719,0.000000,0.913998,0.857748,-0.000000,0.538718,0
0.912798,0.000000,0.408411,0.000000,1.000000,0.000000,-0.408411,0.000000,0.912798,0.861999,-0.000000,0.536237,0
0.911592,0.000000,0.411097,0.000000,1.000000,0.000000,-0.411097,0.000000,0.911592,0.866240,-0.000000,0.533745,0
0.910377,0.000000,0.413779,0.000000,1.000000,0.000000,-0.413779,0.000000,0.910377,0.870472,-0.000000,0.531242,0
0.909156,0.000000,0.416455,0.000000,1.000000,0.000000,-0.416455,0.000000,0.909156,0.874694,-0.000000,0.528728,0
0.907928,0.000000,0.419126,0.000000,1.000000,0.000000,-0.419126,0.000000,0.907928,0.878906,-0.000000,0.526203,0
0.906693,0.000000,0.421792,0.000000,1.000000,0.000000,-0.421792,0.000000,0.906693,0.883108,-0.000000,0.523668,0
0.905450,0.000000,0.424452,0.000000,1.000000,0.000000,-0.424452,0.000000,0.905450,0.887299,-0.000000,0.521122,0
0.904201,0.000000,0.427107,0.000000,1.000000,0.000000,-0.427107,0.000000,0.904201,0.891479,-0.000000,0.518566,0
0.902945,0.000000,0.429755,0.000000,1.000000,0.000000,-0.429755,0.000000,0.902945,0.895648,-0.000000,0.516000,0
0.901683,0.000000,0.432398,0.000000,1.000000,0.000000,-0.432398,0.000000,0.901683,0.899806,-0.000000,0.513424,0
0.900414,0.000000,0.435034,0.000000,1.000000,0.000000,-0.435034,0.000000,0.900414,0.903952,-0.000000,0.510838,0
0.899139,0.000000,0.437664,0.000000,1.000000,0.000000,-0.437664,0.000000,0.899139,0.908087,-0.000000,0.508243,0
0.897857,0.000000,0.440287,0.000000,1.000000,0.000000,-0.440287,0.000000,0.897857,0.912210,-0.000000,0.505638,0
0.896569,0.000000,0.442904,0.000000,1.000000,0.000000,-0.442904,0.000000,0.896569,0.916320,-0.000000,0.503025,0
0.895275,0.000000,0.445514,0.000000,1.000000,0.000000,-0.445514,0.000000,0.895275,0.920418,-0.000000,0.500402,0
0.893975,0.000000,0.448118,0.000000,1.000000,0.000000,-0.448118,0.000000,0.893975,0.924504,-0.000000,0.497771,0
0.892668,0.000000,0.450714,0.000000,1.000000,0.000000,-0.450714,0.000000,0.892668,0.928577,-0.000000,0.495131,0
0.891357,0.000000,0.453303,0.000000,1.000000,0.000000,-0.453303,0.000000,0.891357,0.932636,-0.000000,0.492483,0
0.890039,0.000000,0.455885,0.000000,1.000000,0.000000,-0.455885,0.000000,0.890039,0.936683,-0.000000,0.489827,0
0.888716,0.000000,0.458459,0.000000,1.000000,0.000000,-0.458459,0.000000,0.888716,0.940716,-0.000000,0.487163,0
0.887387,0.000000,0.461026,0.000000,1.000000,0.000000,-0.461026,0.000000,0.887387,0.944735,-0.000000,0.484491,0
0.886053,0.000000,0.463584,0.000000,1.000000,0.000000,-0.463584,0.000000,0.886053,0.948741,-0.000000,0.481812,0
0.884713,0.000000,0.466136,0.000000,1.000000,0.000000,-0.466136,0.000000,0.884713,0.952733,-0.000000,0.479126,0
0.883369,0.000000,0.468679,0.000000,1.000000,0.000000,-0.468679,0.000000,0.883369,0.956710,-0.000000,0.476432,0
0.882019,0.000000,0.471214,0.000000,1.000000,0.000000,-0.471214,0.000000,0.882019,0.960673,-0.000000,0.473732,0
0.880665,0.000000,0.473740,0.000000,1.000000,0.000000,-0.473740,0.000000,0.880665,0.964621,-0.000000,0.471025,0
0.879305,0.000000,0.476258,0.000000,1.000000,0.000000,-0.476258,0.000000,0.879305,0.968554,-0.000000,0.468312,0
0.877941,0.000000,0.478768,0.000000,1.000000,0.000000,-0.478768,0.000000,0.877941,0.972472,-0.000000,0.465592,0
0.876573,0.000000,0.481269,0.000000,1.000000,0.000000,-0.481269,0.000000,0.876573,0.976375,-0.000000,0.462867,0
0.875200,0.000000,0.483762,0.000000,1.000000,0.000000,-0.483762,0.000000,0.875200,0.980263,-0.000000,0.460136,0
0.873823,0.000000,0.486245,0.000000,1.000000,0.000000,-0.486245,0.000000,0.873823,0.984135,-0.000000,0.457399,0
0.872441,0.000000,0.488719,0.000000,1.000000,0.000000,-0.488719,0.000000,0.872441,0.987991,-0.000000,0.454657,0
0.871056,0.000000,0.491185,0.000000,1.000000,0.000000,-0.491185,0.000000,0.871056,0.991831,-0.000000,0.451910,0
0.869666,0.000000,0.493641,0.000000,1.000000,0.000000,-0.493641,0.000000,0.869666,0.995655,-0.000000,0.449159,0
0.868273,0.000000,0.496087,0.000000,1.000000,0.000000,-0.496087,0.000000,0.868273,0.999463,-0.000000,0.446403,0
0.866876,0.000000,0.498524,0.000000,1.000000,0.000000,-0.498524,0.000000,0.866876,1.003254,-0.000000,0.443642,0
0.865475,0.000000,0.500951,0.000000,1.000000,0.000000,-0.500951,0.000000,0.865475,1.007029,-0.000000,0.440878,0
0.864072,0.000000,0.503369,0.000000,1.000000,0.000000,-0.503369,0.000000,0.864072,1.010786,-0.000000,0.438110,0
0.862664,0.000000,0.505777,0.000000,1.000000,0.000000,-0.505777,0.000000,0.862664,1.014527,-0.000000,0.435338,0
0.861254,0.000000,0.508174,0.000000,1.000000,0.000000,-0.508174,0.000000,0.861254,1.018250,-0.000000,0.432563,0
0.859841,0.000000,0.510562,0.000000,1.000000,0.000000,-0.510562,0.000000,0.859841,1.021956,-0.000000,0.429784,0
0.858425,0.000000,0.512939,0.000000,1.000000,0.000000,-0.512939,0.000000,0.858425,1.025644,-0.000000,0.427003,0
0.857006,0.000000,0.515306,0.000000,1.000000,0.000000,-0.515306,0.000000,0.857006,1.029315,-0.000000,0.424220,0
0.855585,0.000000,0.517663,0.000000,1.000000,0.000000,-0.517663,0.000000,0.855585,1.032968,-0.000000,0.421434,0
0.854161,0.000000,0.520009,0.000000,1.000000,0.000000,-0.520009,0.000000,0.854161,1.036603,-0.000000,0.418646,0
0.852735,0.000000,0.522344,0.000000,1.000000,0.000000,-0.522344,0.000000,0.852735,1.040219,-0.000000,0.415856,0
0.851307,0.000000,0.524668,0.000000,1.000000,0.000000,-0.524668,0.000000,0.851307,1.043818,-0.000000,0.413065,0
0.849876,0.000000,0.526982,0.000000,1.000000,0.000000,-0.526982,0.000000,0.849876,1.047397,-0.000000,0.410273,0
0.848444,0.000000,0.529285,0.000000,1.000000,0.000000,-0.529285,0.000000,0.848444,1.050959,-0.000000,0.407479,0
0.847011,0.000000,0.531576,0.000000,1.000000,0.000000,-0.531576,0.000000,0.847011,1.054501,-0.000000,0.404685,0
0.845575,0.000000,0.533856,0.000000,1.000000,0.000000,-0.533856,0.000000,0.845575,1.058024,-0.000000,0.401890,0
0.844139,0.000000,0.536125,0.000000,1.000000,0.000000,-0.536125,0.000000,0.844139,1.061528,-0.000000,0.399096,0
0.842701,0.000000,0.538383,0.000000,1.000000,0.000000,-0.538383,0.000000,0.842701,1.065014,-0.000000,0.396301,0
0.841261,0.000000,0.540629,0.000000,1.000000,0.000000,-0.540629,0.000000,0.841261,1.068479,-0.000000,0.393506,0
0.839821,0.000000,0.542863,0.000000,1.000000,0.000000,-0.542863,0.000000,0.839821,1.071925,-0.000000,0.390712,0
0.838381,0.000000,0.545085,0.000000,1.000000,0.000000,-0.545085,0.000000,0.838381,1.075352,-0.000000,0.387919,0
0.836939,0.000000,0.547296,0.000000,1.000000,0.000000,-0.547296,0.000000,0.836939,1.078758,-0.000000,0.385127,0
0.835497,0.000000,0.549495,0.000000,1.000000,0.000000,-0.549495,0.000000,0.835497,1.082145,-0.000000,0.382337,0
0.834055,0.000000,0.551682,0.000000,1.000000,0.000000,-0.551682,0.000000,0.834055,1.085512,-0.000000,0.379548,0
0.832612,0.000000,0.553856,0.000000,1.000000,0.000000,-0.553856,0.000000,0.832612,1.088859,-0.000000,0.376762,0
0.831170,0.000000,0.556019,0.000000,1.000000,0.000000,-0.556019,0.000000,0.831170,1.092185,-0.000000,0.373977,0
0.829727,0.000000,0.558169,0.000000,1.000000,0.000000,-0.558169,0.000000,0.829727,1.095490,-0.000000,0.371195,0
0.828285,0.000000,0.560307,0.000000,1.000000,0.000000,-0.560307,0.000000,0.828285,1.098776,-0.000000,0.368416,0
0.826844,0.000000,0.562432,0.000000,1.000000,0.000000,-0.562432,0.000000,0.826844,1.102040,-0.000000,0.365640,0
0.825403,0.000000,0.564544,0.000000,1.000000,0.000000,-0.564544,0.000000,0.825403,1.105284,-0.000000,0.362867,0
0.823963,0.000000,0.566644,0.000000,1.000000,0.000000,-0.566644,0.000000,0.823963,1.108507,-0.000000,0.360098,0
0.822523,0.000000,0.568731,0.000000,1.000000,0.000000,-0.568731,0.000000,0.822523,1.111708,-0.000000,0.357333,0
0.821085,0.000000,0.570806,0.000000,1.000000,0.000000,-0.570806,0.000000,0.821085,1.114889,-0.000000,0.354573,0
0.819648,0.000000,0.572867,0.000000,1.000000,0.000000,-0.572867,0.000000,0.819648,1.118048,-0.000000,0.351816,0
0.818213,0.000000,0.574915,0.000000,1.000000,0.000000,-0.574915,0.000000,0.818213,1.121186,-0.000000,0.349065,0
0.816779,0.000000,0.576951,0.000000,1.000000,0.000000,-0.576951,0.000000,0.816779,1.124303,-0.000000,0.346319,0
0.815347,0.000000,0.578973,0.000000,1.000000,0.000000,-0.578973,0.000000,0.815347,1.127397,-0.000000,0.343578,0
0.813917,0.000000,0.580982,0.000000,1.000000,0.000000,-0.580982,0.000000,0.813917,1.130470,-0.000000,0.340843,0
0.812489,0.000000,0.582977,0.000000,1.000000,0.000000,-0.582977,0.000000,0.812489,1.133522,-0.000000,0.338113,0
0.811063,0.000000,0.584959,0.000000,1.000000,0.000000,-0.584959,0.000000,0.811063,1.136551,-0.000000,0.335390,0
0.809640,0.000000,0.586927,0.000000,1.000000,0.000000,-0.586927,0.000000,0.809640,1.139559,-0.000000,0.332674,0
0.808219,0.000000,0.588882,0.000000,1.000000,0.000000,-0.588882,0.000000,0.808219,1.142544,-0.000000,0.329965,0
0.806801,0.000000,0.590823,0.000000,1.000000,0.000000,-0.590823,0.000000,0.806801,1.145507,-0.000000,0.327262,0
0.805386,0.000000,0.592751,0.000000,1.000000,0.000000,-0.592751,0.000000,0.805386,1.148448,-0.000000,0.324567,0
0.803974,0.000000,0.594665,0.000000,1.000000,0.000000,-0.594665,0.000000,0.803974,1.151366,-0.000000,0.321880,0
0.802565,0.000000,0.596564,0.000000,1.000000,0.000000,-0.596564,0.000000,0.802565,1.154262,-0.000000,0.319201,0
0.801160,0.000000,0.598450,0.000000,1.000000,0.000000,-0.598450,0.000000,0.801160,1.157135,-0.000000,0.316530,0
0.799759,0.000000,0.600322,0.000000,1.000000,0.000000,-0.600322,0.000000,0.799759,1.159986,-0.000000,0.313868,0
0.798361,0.000000,0.602179,0.000000,1.000000,0.000000,-0.602179,0.000000,0.798361,1.162813,-0.000000,0.311215,0
0.796967,0.000000,0.604023,0.000000,1.000000,0.000000,-0.604023,0.000000,0.796967,1.165618,-0.000000,0.308571,0
0.795578,0.000000,0.605852,0.000000,1.000000,0.000000,-0.605852,0.000000,0.795578,1.168400,-0.000000,0.305937,0
0.794192,0.000000,0.607667,0.000000,1.000000,0.000000,-0.607667,0.000000,0.794192,1.171159,-0.000000,0.303312,0
0.792812,0.000000,0.609467,0.000000,1.000000,0.000000,-0.609467,0.000000,0.792812,1.173895,-0.000000,0.300698,0
0.791435,0.000000,0.611253,0.000000,1.000000,0.000000,-0.611253,0.000000,0.791435,1.176608,-0.000000,0.298094,0
0.790064,0.000000,0.613024,0.000000,1.000000,0.000000,-0.613024,0.000000,0.790064,1.179297,-0.000000,0.295501,0
0.788698,0.000000,0.614781,0.000000,1.000000,0.000000,-0.614781,0.000000,0.788698,1.181964,-0.000000,0.292919,0
0.787337,0.000000,0.616523,0.000000,1.000000,0.000000,-0.616523,0.000000,0.787337,1.184606,-0.000000,0.290348,0
0.785981,0.000000,0.618250,0.000000,1.000000,0.000000,-0.618250,0.000000,0.785981,1.187226,-0.000000,0.287789,0
0.784631,0.000000,0.619963,0.000000,1.000000,0.000000,-0.619963,0.000000,0.784631,1.189821,-0.000000,0.285242,0
0.783287,0.000000,0.621661,0.000000,1.000000,0.000000,-0.621661,0.000000,0.783287,1.192393,-0.000000,0.282707,0
0.781948,0.000000,0.623344,0.000000,1.000000,0.000000,-0.623344,0.000000,0.781948,1.194942,-0.000000,0.280185,0
0.780616,0.000000,0.625011,0.000000,1.000000,0.000000,-0.625011,0.000000,0.780616,1.197466,-0.000000,0.277675,0
0.779290,0.000000,0.626664,0.000000,1.000000,0.000000,-0.626664,0.000000,0.779290,1.199967,-0.000000,0.275179,0
0.777970,0.000000,0.628302,0.000000,1.000000,0.000000,-0.628302,0.000000,0.777970,1.202444,-0.000000,0.272696,0
0.776657,0.000000,0.629924,0.000000,1.000000,0.000000,-0.629924,0.000000,0.776657,1.204897,-0.000000,0.270227,0
0.775350,0.000000,0.631531,0.000000,1.000000,0.000000,-0.631531,0.000000,0.775350,1.207326,-0.000000,0.267772,0
0.774051,0.000000,0.633123,0.000000,1.000000,0.000000,-0.633123,0.000000,0.774051,1.209730,-0.000000,0.265331,0
0.772759,0.000000,0.634700,0.000000,1.000000,0.000000,-0.634700,0.000000,0.772759,1.212111,-0.000000,0.262906,0
0.771474,0.000000,0.636261,0.000000,1.000000,0.000000,-0.636261,0.000000,0.771474,1.214467,-0.000000,0.260495,0
0.770196,0.000000,0.637807,0.000000,1.000000,0.000000,-0.637807,0.000000,0.770196,1.216799,-0.000000,0.258099,0
0.768926,0.000000,0.639337,0.000000,1.000000,0.000000,-0.639337,0.000000,0.768926,1.219107,-0.000000,0.255719,0
0.767664,0.000000,0.640852,0.000000,1.000000,0.000000,-0.640852,0.000000,0.767664,1.221390,-0.000000,0.253355,0
0.766411,0.000000,0.642351,0.000000,1.000000,0.000000,-0.642351,0.000000,0.766411,1.223649,-0.000000,0.251007,0
0.765165,0.000000,0.643834,0.000000,1.000000,0.000000,-0.643834,0.000000,0.765165,1.225883,-0.000000,0.248676,0
0.763927,0.000000,0.645302,0.000000,1.000000,0.000000,-0.645302,0.000000,0.763927,1.228093,-0.000000,0.246361,0
0.762699,0.000000,0.646754,0.000000,1.000000,0.000000,-0.646754,0.000000,0.762699,1.230278,-0.000000,0.244064,0
0.761479,0.000000,0.648190,0.000000,1.000000,0.000000,-0.648190,0.000000,0.761479,1.232438,-0.000000,0.241783,0
0.760267,0.000000,0.649610,0.000000,1.000000,0.000000,-0.649610,0.000000,0.760267,1.234574,-0.000000,0.239521,0
0.759065,0.000000,0.651014,0.000000,1.000000,0.000000,-0.651014,0.000000,0.759065,1.236684,-0.000000,0.237277,0
0.757873,0.000000,0.652403,0.000000,1.000000,0.000000,-0.652403,0.000000,0.757873,1.238770,-0.000000,0.235051,0
0.756689,0.000000,0.653775,0.000000,1.000000,0.000000,-0.653775,0.000000,0.756689,1.240831,-0.000000,0.232843,0
0.755516,0.000000,0.655131,0.000000,1.000000,0.000000,-0.655131,0.000000,0.755516,1.242867,-0.000000,0.230655,0
0.754352,0.000000,0.656471,0.000000,1.000000,0.000000,-0.656471,0.000000,0.754352,1.244878,-0.000000,0.228486,0
0.753198,0.000000,0.657794,0.000000,1.000000,0.000000,-0.657794,0.000000,0.753198,1.246864,-0.000000,0.226336,0
0.752054,0.000000,0.659102,0.000000,1.000000,0.000000,-0.659102,0.000000,0.752054,1.248825,-0.000000,0.224206,0
0.750920,0.000000,0.660393,0.000000,1.000000,0.000000,-0.660393,0.000000,0.750920,1.250761,-0.000000,0.222096,0
0.749797,0.000000,0.661668,0.000000,1.000000,0.000000,-0.661668,0.000000,0.749797,1.252671,-0.000000,0.220007,0
0.748685,0.000000,0.662926,0.000000,1.000000,0.000000,-0.662926,0.000000,0.748685,1.254557,-0.000000,0.217938,0
0.747584,0.000000,0.664168,0.000000,1.000000,0.000000,-0.664168,0.000000,0.747584,1.256416,-0.000000,0.215890,0
0.746493,0.000000,0.665393,0.000000,1.000000,0.000000,-0.665393,0.000000,0.746493,1.258251,-0.000000,0.213864,0
0.745414,0.000000,0.666602,0.000000,1.000000,0.000000,-0.666602,0.000000,0.745414,1.260060,-0.000000,0.211859,0
0.744346,0.000000,0.667794,0.000000,1.000000,0.000000,-0.667794,0.000000,0.744346,1.261844,-0.000000,0.209876,0
0.743290,0.000000,0.668970,0.000000,1.000000,0.000000,-0.668970,0.000000,0.743290,1.263602,-0.000000,0.207916,0
0.742245,0.000000,0.670129,0.000000,1.000000,0.000000,-0.670129,0.000000,0.742245,1.265334,-0.000000,0.205977,0
0.741212,0.000000,0.671271,0.000000,1.000000,0.000000,-0.671271,0.000000,0.741212,1.267041,-0.000000,0.204062,0
0.740192,0.000000,0.672396,0.000000,1.000000,0.000000,-0.672396,0.000000,0.740192,1.268722,-0.000000,0.202169,0
0.739183,0.000000,0.673505,0.000000,1.000000,0.000000,-0.673505,0.000000,0.739183,1.270378,-0.000000,0.200300,0
0.738187,0.000000,0.674596,0.000000,1.000000,0.000000,-0.674596,0.000000,0.738187,1.272007,-0.000000,0.198455,0
0.737204,0.000000,0.675671,0.000000,1.000000,0.000000,-0.675671,0.000000,0.737204,1.273611,-0.000000,0.196634,0
0.736233,0.000000,0.676728,0.000000,1.000000,0.000000,-0.676728,0.000000,0.736233,1.275189,-0.000000,0.194836,0
0.735275,0.000000,0.677769,0.000000,1.000000,0.000000,-0.677769,0.000000,0.735275,1.276742,-0.000000,0.193064,0
0.734330,0.000000,0.678792,0.000000,1.000000,0.000000,-0.678792,0.000000,0.734330,1.278268,-0.000000,0.191316,0
0.733399,0.000000,0.679799,0.000000,1.000000,0.000000,-0.679799,0.000000,0.733399,1.279768,-0.000000,0.189593,0
0.732481,0.000000,0.680788,0.000000,1.000000,0.000000,-0.680788,0.000000,0.732481,1.281242,-0.000000,0.187895,0
0.731576,0.000000,0.681760,0.000000,1.000000,0.000000,-0.681760,0.000000,0.731576,1.282690,-0.000000,0.186223,0
0.730685,0.000000,0.682714,0.000000,1.000000,0.000000,-0.682714,0.000000,0.730685,1.284112,-0.000000,0.184577,0
0.729809,0.000000,0.683651,0.000000,1.000000,0.000000,-0.683651,0.000000,0.729809,1.285507,-0.000000,0.182957,0
0.728946,0.000000,0.684571,0.000000,1.000000,0.000000,-0.684571,0.000000,0.728946,1.286876,-0.000000,0.181364,0
0.728097,0.000000,0.685474,0.000000,1.000000,0.000000,-0.685474,0.000000,0.728097,1.288219,-0.000000,0.179798,0
0.727263,0.000000,0.686358,0.000000,1.000000,0.000000,-0.686358,0.000000,0.727263,1.289536,-0.000000,0.178258,0
0.726444,0.000000,0.687226,0.000000,1.000000,0.000000,-0.687226,0.000000,0.726444,1.290826,-0.000000,0.176746,0
0.725639,0.000000,0.688075,0.000000,1.000000,0.000000,-0.688075,0.000000,0.725639,1.292089,-0.000000,0.175261,0
