0.011040,0.999053,-0.042097,-0.514630,0.041773,0.856394,0.000000,0.000000,0.000000,-0.003304,0.397703,1.000000,0
0.857367,0.012179,0.514561,0.011065,0.999053,-0.042082,-0.514586,0.041773,0.856421,0.206597,-0.003304,0.496585,0
0.733865,0.010151,0.679219,0.009268,0.999646,-0.024954,-0.679232,0.024608,0.733511,0.168768,-0.003405,0.457385,0
0.612323,0.008850,0.790558,0.008153,0.999813,-0.017507,-0.790565,0.017166,0.612137,0.139378,-0.003002,0.450261,0
0.502814,0.007608,0.864361,0.007058,0.999892,-0.012907,-0.864366,0.012591,0.502706,0.118536,-0.002554,0.449061,0
0.408640,0.006434,0.912673,0.005998,0.999935,-0.009734,-0.912676,0.009452,0.408574,0.108155,-0.002176,0.447868,0
0.329767,0.005368,0.944047,0.005022,0.999960,-0.007441,-0.944049,0.007195,0.329727,0.085945,-0.001652,0.452805,0
0.264722,0.004435,0.964315,0.004159,0.999975,-0.005741,-0.964316,0.005530,0.264697,0.069482,-0.001275,0.458369,0
0.211553,0.003637,0.977360,0.003415,0.999984,-0.004460,-0.977361,0.004282,0.211537,0.058179,-0.000999,0.463186,0
0.168297,0.002966,0.985732,0.002788,0.999990,-0.003485,-0.985732,0.003334,0.168287,0.050714,-0.000793,0.466939,0
0.133175,0.002409,0.991090,0.002265,0.999994,-0.002735,-0.991090,0.002609,0.133169,0.044927,-0.000631,0.470514,0
0.104654,0.001951,0.994507,0.001834,0.999996,-0.002155,-0.994507,0.002049,0.104650,0.039910,-0.000501,0.474331,0
0.081453,0.001576,0.996676,0.001481,0.999997,-0.001702,-0.996676,0.001614,0.081450,0.035718,-0.000397,0.478215,0
0.062517,0.001271,0.998043,0.001193,0.999998,-0.001348,-0.998043,0.001275,0.062516,0.032506,-0.000314,0.481866,0
0.046990,0.001024,0.998895,0.000960,0.999999,-0.001070,-0.998895,0.001009,0.046989,0.030286,-0.000249,0.485116,0
0.034179,0.000823,0.999415,0.000771,0.999999,-0.000850,-0.999415,0.000800,0.034178,0.029015,-0.000198,0.487871,0
0.023523,0.000662,0.999723,0.000619,1.000000,-0.000677,-0.999723,0.000635,0.023523,0.028568,-0.000157,0.490147,0
0.014576,0.000532,0.999894,0.000496,1.000000,-0.000539,-0.999894,0.000504,0.014576,0.028810,-0.000125,0.492013,0
0.006978,0.000427,0.999976,0.000398,1.000000,-0.000430,-0.999976,0.000401,0.006978,0.029627,-0.000099,0.493534,0
0.000440,0.000343,1.000000,0.000319,1.000000,-0.000343,-1.000000,0.000319,0.000440,0.030929,-0.000079,0.494768,0
-0.005268,0.000275,0.999986,0.000255,1.000000,-0.000274,-0.999986,0.000254,-0.005268,0.032645,-0.000063,0.495764,0
-0.010329,0.000221,0.999947,0.000204,1.000000,-0.000219,-0.999947,0.000202,-0.010329,0.034716,-0.000050,0.496563,0
-0.014892,0.000177,0.999889,0.000163,1.000000,-0.000175,-0.999889,0.000161,-0.014892,0.037096,-0.000040,0.497197,0
-0.019073,0.000142,0.999818,0.000131,1.000000,-0.000140,-0.999818,0.000128,-0.019073,0.039749,-0.000032,0.497696,0
-0.022967,0.000114,0.999736,0.000105,1.000000,-0.000112,-0.999736,0.000102,-0.022967,0.042645,-0.000025,0.498082,0
-0.026648,0.000091,0.999645,0.000084,1.000000,-0.000089,-0.999645,0.000081,-0.026648,0.045759,-0.000020,0.498374,0
-0.030176,0.000073,0.999545,0.000067,1.000000,-0.000071,-0.999545,0.000065,-0.030176,0.049071,-0.000016,0.498586,0
-0.033598,0.000059,0.999435,0.000054,1.000000,-0.000057,-0.999435,0.000052,-0.033598,0.052566,-0.000013,0.498731,0
-0.036952,0.000047,0.999317,0.000043,1.000000,-0.000046,-0.999317,0.000041,-0.036952,0.056231,-0.000010,0.498816,0
-0.040268,0.000039,0.999189,0.000034,1.000000,-0.000037,-0.999189,0.000033,-0.040268,0.060055,-0.000009,0.498850,0
-0.043569,0.000032,0.999050,0.000027,1.000000,-0.000031,-0.999050,0.000026,-0.043569,0.064030,-0.000007,0.498833,0
-0.046874,0.000026,0.998901,0.000022,1.000000,-0.000025,-0.998901,0.000021,-0.046874,0.068152,-0.000006,0.498764,0
-0.050198,0.000021,0.998739,0.000018,1.000000,-0.000021,-0.998739,0.000017,-0.050198,0.072418,-0.000005,0.498637,0
-0.053553,0.000018,0.998565,0.000014,1.000000,-0.000017,-0.998565,0.000013,-0.053553,0.076822,-0.000004,0.498451,0
-0.056947,0.000014,0.998377,0.000011,1.000000,-0.000014,-0.998377,0.000010,-0.056947,0.081349,-0.000003,0.498227,0
-0.060386,0.000012,0.998175,0.000009,1.000000,-0.000011,-0.998175,0.000008,-0.060386,0.085986,-0.000003,0.497987,0
-0.063878,0.000010,0.997958,0.000007,1.000000,-0.000009,-0.997958,0.000007,-0.063878,0.090730,-0.000002,0.497737,0
-0.067424,0.000008,0.997724,0.000006,1.000000,-0.000008,-0.997724,0.000005,-0.067424,0.095580,-0.000002,0.497475,0
-0.071029,0.000007,0.997474,0.000005,1.000000,-0.000006,-0.997474,0.000004,-0.071029,0.100536,-0.000001,0.497196,0
-0.074694,0.000005,0.997206,0.000004,1.000000,-0.000005,-0.997206,0.000003,-0.074694,0.105596,-0.000001,0.496898,0
-0.078421,0.000004,0.996920,0.000003,1.000000,-0.000004,-0.996920,0.000003,-0.078421,0.110761,-0.000001,0.496576,0
-0.082210,0.000004,0.996615,0.000002,1.000000,-0.000003,-0.996615,0.000002,-0.082210,0.116028,-0.000001,0.496229,0
-0.086062,0.000003,0.996290,0.000002,1.000000,-0.000003,-0.996290,0.000002,-0.086062,0.121396,-0.000001,0.495854,0
-0.089977,0.000002,0.995944,0.000002,1.000000,-0.000002,-0.995944,0.000001,-0.089977,0.126862,-0.000001,0.495450,0
-0.093955,0.000002,0.995576,0.000001,1.000000,-0.000002,-0.995576,0.000001,-0.093955,0.132426,-0.000000,0.495015,0
-0.097995,0.000002,0.995187,0.000000,1.000000,-0.000002,-0.995187,0.000000,-0.097995,0.138085,-0.000000,0.494550,0
-0.102097,0.000001,0.994774,0.000000,1.000000,-0.000001,-0.994774,0.000000,-0.102097,0.143837,-0.000000,0.494051,0
-0.106259,0.000001,0.994338,0.000000,1.000000,-0.000001,-0.994338,0.000000,-0.106259,0.149681,-0.000000,0.493519,0
-0.110482,0.000001,0.993878,0.000000,1.000000,-0.000001,-0.993878,0.000000,-0.110482,0.155613,-0.000000,0.492952,0
-0.114763,0.000001,0.993393,0.000000,1.000000,-0.000001,-0.993393,0.000000,-0.114763,0.161632,-0.000000,0.492350,0
-0.119103,0.000001,0.992882,0.000000,1.000000,-0.000001,-0.992882,0.000000,-0.119103,0.167737,-0.000000,0.491711,0
-0.123499,0.000000,0.992345,0.000000,1.000000,-0.000000,-0.992345,0.000000,-0.123499,0.173924,-0.000000,0.491035,0
-0.127950,0.000000,0.991781,0.000000,1.000000,-0.000000,-0.991781,0.000000,-0.127950,0.180193,-0.000000,0.490320,0
-0.132456,0.000000,0.991189,0.000000,1.000000,-0.000000,-0.991189,0.000000,-0.132456,0.186540,-0.000000,0.489566,0
-0.137015,0.000000,0.990569,0.000000,1.000000,-0.000000,-0.990569,0.000000,-0.137015,0.192965,-0.000000,0.488772,0
-0.141626,0.000000,0.989920,0.000000,1.000000,-0.000000,-0.989920,0.000000,-0.141626,0.199464,-0.000000,0.487936,0
-0.146287,0.000000,0.989242,0.000000,1.000000,-0.000000,-0.989242,0.000000,-0.146287,0.206036,-0.000000,0.487059,0
-0.150998,0.000000,0.988534,0.000000,1.000000,-0.000000,-0.988534,0.000000,-0.150998,0.212678,-0.000000,0.486138,0
-0.155756,0.000000,0.987796,0.000000,1.000000,-0.000000,-0.987796,0.000000,-0.155756,0.219389,-0.000000,0.485173,0
-0.160560,0.000000,0.987026,0.000000,1.000000,-0.000000,-0.987026,0.000000,-0.160560,0.226166,-0.000000,0.484163,0
-0.165410,0.000000,0.986225,0.000000,1.000000,-0.000000,-0.986225,0.000000,-0.165410,0.233007,-0.000000,0.483107,0
-0.170303,0.000000,0.985392,0.000000,1.000000,-0.000000,-0.985392,0.000000,-0.170303,0.239910,-0.000000,0.482004,0
-0.175239,0.000000,0.984526,0.000000,1.000000,-0.000000,-0.984526,0.000000,-0.175239,0.246872,-0.000000,0.480852,0
-0.180215,0.000000,0.983627,0.000000,1.000000,-0.000000,-0.983627,0.000000,-0.180215,0.253890,-0.000000,0.479649,0
-0.185230,0.000000,0.982695,0.000000,1.000000,-0.000000,-0.982695,0.000000,-0.185230,0.260962,0.000000,0.478395,0
-0.190284,-0.000000,0.981729,-0.000000,1.000000,0.000000,-0.981729,0.000000,-0.190284,0.268084,0.000000,0.477085,0
-0.195374,-0.000000,0.980729,-0.000000,1.000000,0.000000,-0.980729,0.000000,-0.195374,0.275253,0.000000,0.475717,0
-0.200500,-0.000000,0.979694,-0.000000,1.000000,0.000000,-0.979694,0.000000,-0.200500,0.282464,0.000000,0.474284,0
-0.205659,-0.000000,0.978624,-0.000000,1.000000,0.000000,-0.978624,0.000000,-0.205659,0.289709,0.000000,0.472776,0
-0.210850,-0.000000,0.977518,-0.000000,1.000000,0.000000,-0.977518,0.000000,-0.210850,0.296976,0.000000,0.471173,0
-0.216072,-0.000000,0.976377,-0.000000,1.000000,0.000000,-0.976377,0.000000,-0.216072,0.304243,0.000000,0.469439,0
-0.221324,-0.000000,0.975200,-0.000000,1.000000,0.000000,-0.975200,0.000000,-0.221324,0.311496,0.000000,0.467568,0
-0.226604,-0.000000,0.973987,-0.000000,1.000000,0.000000,-0.973987,0.000000,-0.226604,0.318980,0.000000,0.466163,0
-0.231910,-0.000000,0.972737,-0.000000,1.000000,0.000000,-0.972737,0.000000,-0.231910,0.326515,0.000000,0.464710,0
-0.237241,-0.000000,0.971451,-0.000000,1.000000,0.000000,-0.971451,0.000000,-0.237241,0.334085,0.000000,0.463182,0
-0.242595,-0.000001,0.970128,-0.000000,1.000000,0.000001,-0.970128,0.000000,-0.242595,0.341684,0.000000,0.461572,0
-0.247972,-0.000001,0.968767,-0.000000,1.000000,0.000001,-0.968767,0.000000,-0.247972,0.349308,0.000000,0.459880,0
-0.253370,-0.000001,0.967370,-0.000000,1.000000,0.000001,-0.967370,0.000000,-0.253370,0.356955,0.000000,0.458110,0
-0.258787,-0.000001,0.965935,-0.000000,1.000000,0.000001,-0.965935,0.000000,-0.258787,0.364625,0.000000,0.456266,0
-0.264221,-0.000001,0.964462,-0.000000,1.000000,0.000001,-0.964462,0.000000,-0.264221,0.372317,0.000000,0.454353,0
-0.269672,-0.000001,0.962952,-0.000000,1.000000,0.000001,-0.962952,0.000000,-0.269672,0.380028,0.000000,0.452374,0
-0.275138,-0.000001,0.961405,-0.000000,1.000000,0.000001,-0.961405,0.000000,-0.275138,0.387758,0.000000,0.450331,0
-0.280618,-0.000001,0.959820,-0.000000,1.000000,0.000001,-0.959820,0.000000,-0.280618,0.395505,0.000000,0.448226,0
-0.286109,-0.000001,0.958197,-0.000000,1.000000,0.000001,-0.958197,0.000000,-0.286109,0.403268,0.000000,0.446062,0
-0.291611,-0.000001,0.956537,-0.000000,1.000000,0.000001,-0.956537,0.000000,-0.291611,0.411045,0.000000,0.443840,0
-0.297123,-0.000001,0.954839,-0.000000,1.000000,0.000001,-0.954839,0.000000,-0.297123,0.418834,0.000000,0.441561,0
-0.302642,-0.000001,0.953104,-0.000000,1.000000,0.000001,-0.953104,0.000000,-0.302642,0.426634,0.000000,0.439226,0
-0.308167,-0.000001,0.951332,-0.000000,1.000000,0.000001,-0.951332,0.000000,-0.308167,0.434442,0.000000,0.436836,0
-0.313698,-0.000001,0.949523,-0.000000,1.000000,0.000001,-0.949523,0.000000,-0.313698,0.442257,0.000000,0.434392,0
-0.319232,-0.000001,0.947677,-0.000000,1.000000,0.000001,-0.947677,0.000000,-0.319232,0.450077,0.000000,0.431894,0
-0.324768,-0.000001,0.945794,-0.000000,1.000000,0.000001,-0.945794,0.000000,-0.324768,0.457901,0.000000,0.429343,0
-0.330305,-0.000001,0.943874,-0.000000,1.000000,0.000001,-0.943874,0.000000,-0.330305,0.465725,0.000000,0.426739,0
-0.335841,-0.000001,0.941919,-0.000000,1.000000,0.000001,-0.941919,0.000000,-0.335841,0.473549,0.000000,0.424084,0
-0.341376,-0.000001,0.939927,-0.000000,1.000000,0.000001,-0.939927,0.000000,-0.341376,0.481371,0.000000,0.421378,0
-0.346907,-0.000001,0.937900,-0.000000,1.000000,0.000001,-0.937900,0.000000,-0.346907,0.489188,0.000000,0.418620,0
-0.352433,-0.000001,0.935837,-0.000000,1.000000,0.000001,-0.935837,0.000000,-0.352433,0.496999,0.000000,0.415813,0
-0.357953,-0.000001,0.933740,-0.000000,1.000000,0.000001,-0.933740,0.000000,-0.357953,0.504801,0.000000,0.412956,0
-0.363465,-0.000001,0.931608,-0.000000,1.000000,0.000001,-0.931608,0.000000,-0.363465,0.512594,0.000000,0.410051,0
-0.368969,-0.000001,0.929442,-0.000000,1.000000,0.000001,-0.929442,0.000000,-0.368969,0.520375,0.000000,0.407096,0
-0.374462,-0.000001,0.927242,-0.000000,1.000000,0.000001,-0.927242,0.000000,-0.374462,0.528142,0.000000,0.404095,0
-0.379945,-0.000001,0.925009,-0.000000,1.000000,0.000001,-0.925009,0.000000,-0.379945,0.535893,0.000000,0.401046,0
-0.385414,-0.000001,0.922744,-0.000000,1.000000,0.000001,-0.922744,0.000000,-0.385414,0.543627,0.000000,0.397952,0
-0.390869,-0.000001,0.920446,-0.000000,1.000000,0.000001,-0.920446,0.000000,-0.390869,0.551341,0.000000,0.394811,0
-0.396309,-0.000001,0.918117,-0.000000,1.000000,0.000001,-0.918117,0.000000,-0.396309,0.559035,0.000000,0.391626,0
-0.401733,-0.000001,0.915757,-0.000000,1.000000,0.000001,-0.915757,0.000000,-0.401733,0.566706,0.000000,0.388398,0
-0.407138,-0.000001,0.913367,-0.000000,1.000000,0.000001,-0.913367,0.000000,-0.407138,0.574352,0.000000,0.385126,0
-0.412524,-0.000001,0.910947,-0.000000,1.000000,0.000001,-0.910947,0.000000,-0.412524,0.581971,0.000000,0.381812,0
-0.417890,-0.000001,0.908497,-0.000000,1.000000,0.000001,-0.908497,0.000000,-0.417890,0.589563,0.000000,0.378457,0
-0.423235,-0.000001,0.906020,-0.000000,1.000000,0.000001,-0.906020,0.000000,-0.423235,0.597124,0.000000,0.375062,0
-0.428556,-0.000001,0.903515,-0.000000,1.000000,0.000001,-0.903515,0.000000,-0.428556,0.604654,0.000000,0.371628,0
-0.433854,-0.000001,0.900983,-0.000000,1.000000,0.000001,-0.900983,0.000000,-0.433854,0.612151,0.000000,0.368156,0
-0.439126,-0.000001,0.898425,-0.000000,1.000000,0.000001,-0.898425,0.000000,-0.439126,0.619613,0.000000,0.364646,0
-0.444373,-0.000001,0.895842,-0.000000,1.000000,0.000001,-0.895842,0.000000,-0.444373,0.627038,0.000000,0.361101,0
-0.449591,-0.000001,0.893234,-0.000000,1.000000,0.000001,-0.893234,0.000000,-0.449591,0.634425,0.000000,0.357520,0
-0.454781,-0.000001,0.890603,-0.000000,1.000000,0.000001,-0.890603,0.000000,-0.454781,0.641772,0.000000,0.353906,0
-0.459942,-0.000001,0.887949,-0.000000,1.000000,0.000001,-0.887949,0.000000,-0.459942,0.649077,0.000000,0.350260,0
-0.465071,-0.000000,0.885273,0.000001,1.000000,0.000001,-0.885273,0.000001,-0.465071,0.656340,0.000000,0.346582,0
-0.470169,-0.000001,0.882577,-0.000000,1.000000,0.000001,-0.882577,0.000000,-0.470169,0.663558,0.000000,0.342875,0
-0.475233,-0.000001,0.879860,-0.000000,1.000000,0.000001,-0.879860,0.000000,-0.475233,0.670730,0.000000,0.339139,0
-0.480264,-0.000001,0.877124,-0.000000,1.000000,0.000001,-0.877124,0.000000,-0.480264,0.677854,0.000000,0.335375,0
-0.485259,-0.000001,0.874371,-0.000000,1.000000,0.000001,-0.874371,0.000000,-0.485259,0.684930,0.000000,0.331586,0
-0.490218,-0.000001,0.871600,-0.000000,1.000000,0.000001,-0.871600,0.000000,-0.490218,0.691955,0.000000,0.327772,0
-0.495140,-0.000001,0.868813,-0.000000,1.000000,0.000001,-0.868813,0.000000,-0.495140,0.698928,0.000000,0.323934,0
-0.500024,-0.000001,0.866011,-0.000000,1.000000,0.000001,-0.866011,0.000000,-0.500024,0.705847,0.000000,0.320076,0
-0.504869,-0.000001,0.863196,-0.000000,1.000000,0.000001,-0.863196,0.000000,-0.504869,0.712712,0.000000,0.316197,0
-0.509674,-0.000001,0.860367,-0.000000,1.000000,0.000001,-0.860367,0.000000,-0.509674,0.719521,0.000000,0.312299,0
-0.514438,-0.000001,0.857527,-0.000000,1.000000,0.000001,-0.857527,0.000000,-0.514438,0.726272,0.000000,0.308384,0
-0.519160,-0.000001,0.854677,-0.000000,1.000000,0.000001,-0.854677,0.000000,-0.519160,0.732965,0.000000,0.304454,0
-0.523840,-0.000001,0.851817,-0.000000,1.000000,0.000001,-0.851817,0.000000,-0.523840,0.739598,0.000000,0.300510,0
-0.528475,-0.000001,0.848949,-0.000000,1.000000,0.000001,-0.848949,0.000000,-0.528475,0.746169,0.000000,0.296554,0
-0.533066,-0.000001,0.846073,-0.000000,1.000000,0.000001,-0.846073,0.000000,-0.533066,0.752678,0.000000,0.292586,0
-0.537612,-0.000001,0.843192,-0.000000,1.000000,0.000001,-0.843192,0.000000,-0.537612,0.759123,0.000000,0.288610,0
-0.542111,-0.000001,0.840307,-0.000000,1.000000,0.000001,-0.840307,0.000000,-0.542111,0.765503,0.000000,0.284627,0
-0.546564,-0.000001,0.837417,-0.000000,1.000000,0.000001,-0.837417,0.000000,-0.546564,0.771818,0.000000,0.280638,0
-0.550968,-0.000001,0.834526,-0.000000,1.000000,0.000001,-0.834526,0.000000,-0.550968,0.778064,0.000000,0.276645,0
-0.555324,-0.000001,0.831634,-0.000000,1.000000,0.000001,-0.831634,0.000000,-0.555324,0.784243,0.000000,0.272650,0
-0.559631,-0.000001,0.828742,-0.000000,1.000000,0.000001,-0.828742,0.000000,-0.559631,0.790352,0.000000,0.268654,0
-0.563887,-0.000001,0.825852,-0.000000,1.000000,0.000001,-0.825852,0.000000,-0.563887,0.796391,0.000000,0.264660,0
-0.568093,-0.000001,0.822964,-0.000000,1.000000,0.000001,-0.822964,0.000000,-0.568093,0.802358,0.000000,0.260669,0
-0.572247,-0.000001,0.820081,-0.000000,1.000000,0.000001,-0.820081,0.000000,-0.572247,0.808252,0.000000,0.256684,0
-0.576349,-0.000001,0.817204,-0.000000,1.000000,0.000001,-0.817204,0.000000,-0.576349,0.814073,0.000000,0.252705,0
-0.580398,-0.000001,0.814333,-0.000000,1.000000,0.000001,-0.814333,0.000000,-0.580398,0.819820,0.000000,0.248735,0
-0.584393,-0.000001,0.811471,-0.000000,1.000000,0.000001,-0.811471,0.000000,-0.584393,0.825490,0.000000,0.244776,0
-0.588334,-0.000001,0.808618,-0.000000,1.000000,0.000001,-0.808618,0.000000,-0.588334,0.831085,0.000000,0.240829,0
-0.592220,-0.000001,0.805776,-0.000000,1.000000,0.000001,-0.805776,0.000000,-0.592220,0.836602,0.000000,0.236897,0
-0.596051,-0.000001,0.802947,-0.000000,1.000000,0.000001,-0.802947,0.000000,-0.596051,0.842041,0.000000,0.232981,0
-0.599825,-0.000001,0.800131,-0.000000,1.000000,0.000001,-0.800131,0.000000,-0.599825,0.847400,0.000000,0.229084,0
-0.603543,-0.000001,0.797330,-0.000000,1.000000,0.000001,-0.797330,0.000000,-0.603543,0.852680,0.000000,0.225206,0
-0.607204,-0.000001,0.794546,-0.000000,1.000000,0.000001,-0.794546,0.000000,-0.607204,0.857879,0.000000,0.221351,0
-0.610807,-0.000001,0.791780,-0.000000,1.000000,0.000001,-0.791780,0.000000,-0.610807,0.862996,0.000000,0.217520,0
-0.614351,-0.000001,0.789033,-0.000000,1.000000,0.000001,-0.789033,0.000000,-0.614351,0.868031,0.000000,0.213716,0
-0.617837,-0.000001,0.786307,-0.000000,1.000000,0.000001,-0.786307,0.000000,-0.617837,0.872982,0.000000,0.209939,0
-0.621263,-0.000001,0.783602,-0.000000,1.000000,0.000001,-0.783602,0.000000,-0.621263,0.877850,0.000000,0.206193,0
-0.624629,-0.000001,0.780922,-0.000000,1.000000,0.000000,-0.780922,0.000000,-0.624629,0.882633,0.000000,0.202478,0
-0.627934,-0.000001,0.778266,-0.000000,1.000000,0.000000,-0.778266,0.000000,-0.627934,0.887331,0.000000,0.198798,0
-0.631179,-0.000001,0.775637,-0.000000,1.000000,0.000000,-0.775637,0.000000,-0.631179,0.891942,0.000000,0.195154,0
-0.634363,-0.000001,0.773036,-0.000000,1.000000,0.000000,-0.773036,0.000000,-0.634363,0.896467,0.000000,0.191547,0
-0.637484,-0.000001,0.770463,-0.000000,1.000000,0.000000,-0.770463,0.000000,-0.637484,0.900904,0.000000,0.187981,0
-0.640543,-0.000001,0.767922,-0.000000,1.000000,0.000000,-0.767922,0.000000,-0.640543,0.905253,0.000000,0.184457,0
-0.643540,-0.000001,0.765413,-0.000000,1.000000,0.000000,-0.765413,0.000000,-0.643540,0.909513,0.000000,0.180977,0
-0.646473,-0.000001,0.762937,-0.000000,1.000000,0.000000,-0.762937,0.000000,-0.646473,0.913684,0.000000,0.177543,0
-0.649343,-0.000001,0.760496,-0.000000,1.000000,0.000000,-0.760496,0.000000,-0.649343,0.917764,0.000000,0.174157,0
-0.652148,-0.000001,0.758091,-0.000000,1.000000,0.000000,-0.758091,0.000000,-0.652148,0.921754,0.000000,0.170822,0
-0.654889,-0.000001,0.755725,-0.000000,1.000000,0.000000,-0.755725,0.000000,-0.654889,0.925653,0.000000,0.167538,0
-0.657566,-0.000001,0.753397,-0.000000,1.000000,0.000000,-0.753397,0.000000,-0.657566,0.929459,0.000000,0.164308,0
-0.660176,-0.000001,0.751111,-0.000000,1.000000,0.000000,-0.751111,0.000000,-0.660176,0.933173,0.000000,0.161135,0
-0.662722,0.000000,0.748866,0.000001,1.000000,0.000000,-0.748866,0.000001,-0.662722,0.936794,0.000000,0.158019,0
-0.665201,-0.000001,0.746665,-0.000000,1.000000,0.000000,-0.746665,0.000000,-0.665201,0.940321,0.000000,0.154964,0
-0.667613,-0.000001,0.744508,-0.000000,1.000000,0.000000,-0.744508,0.000000,-0.667613,0.943754,0.000000,0.151970,0
-0.669959,-0.000001,0.742398,-0.000000,1.000000,0.000000,-0.742398,0.000000,-0.669959,0.947092,0.000000,0.149041,0
-0.672237,-0.000001,0.740336,-0.000000,1.000000,0.000000,-0.740336,0.000000,-0.672237,0.950334,0.000000,0.146177,0
-0.674448,-0.000000,0.738323,-0.000000,1.000000,0.000000,-0.738323,0.000000,-0.674448,0.953481,0.000000,0.143382,0
-0.676590,-0.000000,0.736360,-0.000000,1.000000,0.000000,-0.736360,0.000000,-0.676590,0.956530,0.000000,0.140656,0
-0.678664,-0.000000,0.734449,-0.000000,1.000000,0.000000,-0.734449,0.000000,-0.678664,0.959483,0.000000,0.138002,0
-0.680669,-0.000000,0.732591,-0.000000,1.000000,0.000000,-0.732591,0.000000,-0.680669,0.962337,0.000000,0.135421,0
-0.682605,-0.000000,0.730788,-0.000000,1.000000,0.000000,-0.730788,0.000000,-0.682605,0.965093,0.000000,0.132916,0
-0.684471,-0.000000,0.729040,-0.000000,1.000000,0.000000,-0.729040,0.000000,-0.684471,0.967750,0.000000,0.130488,0
-0.686266,-0.000000,0.727350,-0.000000,1.000000,0.000000,-0.727350,0.000000,-0.686266,0.970307,0.000000,0.128140,0
-0.687992,-0.000000,0.725719,-0.000000,1.000000,0.000000,-0.725719,0.000000,-0.687992,0.972764,0.000000,0.125873,0
-0.689646,-0.000000,0.724147,-0.000000,1.000000,0.000000,-0.724147,0.000000,-0.689646,0.975120,0.000000,0.123689,0
-0.691229,-0.000000,0.722636,-0.000000,1.000000,0.000000,-0.722636,0.000000,-0.691229,0.977375,0.000000,0.121589,0
-0.692740,-0.000000,0.721188,-0.000000,1.000000,0.000000,-0.721188,0.000000,-0.692740,0.979527,0.000000,0.119576,0
-0.694178,-0.000000,0.719803,-0.000000,1.000000,0.000000,-0.719803,0.000000,-0.694178,0.981576,0.000000,0.117652,0
-0.695544,-0.000000,0.718483,-0.000000,1.000000,0.000000,-0.718483,0.000000,-0.695544,0.983522,0.000000,0.115817,0
-0.696837,-0.000000,0.717230,-0.000000,1.000000,0.000000,-0.717230,0.000000,-0.696837,0.985364,0.000000,0.114075,0
-0.698056,-0.000000,0.716044,-0.000000,1.000000,0.000000,-0.716044,0.000000,-0.698056,0.987100,0.000000,0.112425,0
-0.699200,-0.000000,0.714926,-0.000000,1.000000,0.000000,-0.714926,0.000000,-0.699200,0.988731,0.000000,0.110872,0
-0.700270,-0.000000,0.713878,-0.000000,1.000000,0.000000,-0.713878,0.000000,-0.700270,0.990256,0.000000,0.109415,0
-0.701264,-0.000000,0.712901,-0.000000,1.000000,0.000000,-0.712901,0.000000,-0.701264,0.991673,0.000000,0.108057,0
-0.702183,-0.000000,0.711997,-0.000000,1.000000,0.000000,-0.711997,0.000000,-0.702183,0.992982,0.000000,0.106798,0
-0.703025,-0.000000,0.711165,-0.000000,1.000000,0.000000,-0.711165,0.000000,-0.703025,0.994183,0.000000,0.105642,0
-0.703790,-0.000000,0.710408,-0.000000,1.000000,0.000000,-0.710408,0.000000,-0.703790,0.995273,0.000000,0.104589,0
-0.704478,-0.000000,0.709726,-0.000000,1.000000,0.000000,-0.709726,0.000000,-0.704478,0.996253,0.000000,0.103641,0
-0.705087,-0.000000,0.709121,-0.000000,1.000000,0.000000,-0.709121,0.000000,-0.705087,0.997122,0.000000,0.102799,0
-0.705617,-0.000000,0.708593,-0.000000,1.000000,0.000000,-0.708593,0.000000,-0.705617,0.997878,0.000000,0.102065,0
-0.706068,-0.000000,0.708144,-0.000000,1.000000,0.000000,-0.708144,0.000000,-0.706068,0.998521,0.000000,0.101440,0
-0.706438,-0.000000,0.707774,-0.000000,1.000000,0.000000,-0.707774,0.000000,-0.706438,0.999050,0.000000,0.100926,0
-0.706728,-0.000000,0.707485,-0.000000,1.000000,0.000000,-0.707485,0.000000,-0.706728,0.999463,0.000000,0.100523,0
-0.706936,-0.000000,0.707278,-0.000000,1.000000,0.000000,-0.707278,0.000000,-0.706936,0.999759,0.000000,0.100234,0
-0.707061,-0.000000,0.707153,-0.000000,1.000000,0.000000,-0.707153,0.000000,-0.707061,0.999938,0.000000,0.100060,0
-0.707103,-0.000000,0.707111,-0.000000,1.000000,0.000000,-0.707111,0.000000,-0.707103,0.999998,0.000000,0.100001,0
-0.707107,-0.000000,0.707107,-0.000000,1.000000,0.000000,-0.707107,0.000000,-0.707107,0.999999,0.000000,0.100001,0
-0.707107,-0.000000,0.707107,-0.000000,1.000000,0.000000,-0.707107,0.000000,-0.707107,0.999999,0.000000,0.099908,0
-0.707107,-0.000000,0.707107,-0.000000,1.000000,0.000000,-0.707107,0.000000,-0.707107,0.999999,0.000000,0.099636,0
-0.707107,-0.000000,0.707107,-0.000000,1.000000,0.000000,-0.707107,0.000000,-0.707107,0.999999,0.000000,0.099192,0
-0.707107,-0.000000,0.707107,-0.000000,1.000000,0.000000,-0.707107,0.000000,-0.707107,0.999998,0.000000,0.098583,0
-0.707107,-0.000000,0.707107,-0.000000,1.000000,0.000000,-0.707107,0.000000,-0.707107,0.999998,0.000000,0.097817,0
-0.707107,-0.000000,0.707107,-0.000000,1.000000,0.000000,-0.707107,0.000000,-0.707107,0.999997,0.000000,0.096902,0
-0.707107,-0.000000,0.707107,-0.000000,1.000000,0.000000,-0.707107,0.000000,-0.707107,0.999995,0.000000,0.095846,0
-0.707107,-0.000000,0.707107,-0.000000,1.000000,0.000000,-0.707107,0.000000,-0.707107,0.999994,0.000000,0.094655,0
-0.707107,-0.000000,0.707107,-0.000000,1.000000,0.000000,-0.707107,0.000000,-0.707107,0.999992,0.000000,0.093339,0
-0.707107,-0.000000,0.707107,-0.000000,1.000000,0.000000,-0.707107,0.000000,-0.707107,0.999990,0.000000,0.091904,0
-0.707107,-0.000000,0.707107,-0.000000,1.000000,0.000000,-0.707107,0.000000,-0.707107,0.999988,0.000000,0.090358,0
-0.707107,-0.000000,0.707107,-0.000000,1.000000,0.000000,-0.707107,0.000000,-0.707107,0.999986,0.000000,0.088709,0
-0.707107,-0.000000,0.707107,-0.000000,1.000000,0.000000,-0.707107,0.000000,-0.707107,0.999983,0.000000,0.086964,0
-0.707107,-0.000000,0.707107,-0.000000,1.000000,0.000000,-0.707107,0.000000,-0.707107,0.999981,0.000000,0.085132,0
-0.707107,-0.000000,0.707107,-0.000000,1.000000,0.000000,-0.707107,0.000000,-0.707107,0.999978,0.000000,0.083219,0
-0.707107,-0.000000,0.707107,-0.000000,1.000000,0.000000,-0.707107,0.000000,-0.707107,0.999976,0.000000,0.081233,0
-0.707107,-0.000000,0.707107,-0.000000,1.000000,0.000000,-0.707107,0.000000,-0.707107,0.999973,0.000000,0.079183,0
-0.707107,-0.000000,0.707107,-0.000000,1.000000,0.000000,-0.707107,0.000000,-0.707107,0.999971,0.000000,0.077075,0
-0.707107,-0.000000,0.707107,-0.000000,1.000000,0.000000,-0.707107,0.000000,-0.707107,0.999969,0.000000,0.074917,0
-0.707107,-0.000000,0.707107,-0.000000,1.000000,0.000000,-0.707107,0.000000,-0.707107,0.999967,0.000000,0.072717,0
-0.707107,-0.000000,0.707107,-0.000000,1.000000,0.000000,-0.707107,0.000000,-0.707107,0.999965,0.000000,0.070483,0
-0.707107,-0.000000,0.707107,-0.000000,1.000000,0.000000,-0.707107,0.000000,-0.707107,0.999963,0.000000,0.068223,0
-0.707107,-0.000000,0.707107,-0.000000,1.000000,0.000000,-0.707107,0.000000,-0.707107,0.999961,0.000000,0.065943,0
-0.707107,-0.000000,0.707107,-0.000000,1.000000,0.000000,-0.707107,0.000000,-0.707107,0.999960,0.000000,0.063651,0
-0.707107,-0.000000,0.707107,-0.000000,1.000000,0.000000,-0.707107,0.000000,-0.707107,0.999959,0.000000,0.061356,0
-0.707107,-0.000000,0.707107,-0.000000,1.000000,0.000000,-0.707107,0.000000,-0.707107,0.999958,0.000000,0.059065,0
-0.707107,-0.000000,0.707107,-0.000000,1.000000,0.000000,-0.707107,0.000000,-0.707107,0.999957,0.000000,0.056785,0
-0.707107,-0.000000,0.707107,-0.000000,1.000000,0.000000,-0.707107,0.000000,-0.707107,0.999957,0.000000,0.054524,0
-0.707107,-0.000000,0.707107,-0.000000,1.000000,0.000000,-0.707107,0.000000,-0.707107,0.999957,0.000000,0.052290,0
-0.707107,-0.000000,0.707107,-0.000000,1.000000,0.000000,-0.707107,0.000000,-0.707107,0.999957,0.000000,0.050090,0
-0.707107,-0.000000,0.707107,-0.000000,1.000000,0.000000,-0.707107,0.000000,-0.707107,0.999958,0.000000,0.047933,0
-0.707107,-0.000000,0.707107,-0.000000,1.000000,0.000000,-0.707107,0.000000,-0.707107,0.999958,0.000000,0.045825,0
-0.707107,-0.000000,0.707107,-0.000000,1.000000,0.000000,-0.707107,0.000000,-0.707107,0.999959,0.000000,0.043774,0
-0.707107,-0.000000,0.707107,-0.000000,1.000000,0.000000,-0.707107,0.000000,-0.707107,0.999961,0.000000,0.041789,0
-0.707107,-0.000000,0.707107,-0.000000,1.000000,0.000000,-0.707107,0.000000,-0.707107,0.999962,0.000000,0.039876,0
-0.707107,-0.000000,0.707107,-0.000000,1.000000,0.000000,-0.707107,0.000000,-0.707107,0.999964,0.000000,0.038043,0
-0.707107,-0.000000,0.707107,-0.000000,1.000000,0.000000,-0.707107,0.000000,-0.707107,0.999966,0.000000,0.036298,0
-0.707107,-0.000000,0.707107,-0.000000,1.000000,0.000000,-0.707107,0.000000,-0.707107,0.999968,0.000000,0.034649,0
-0.707107,-0.000000,0.707107,-0.000000,1.000000,0.000000,-0.707107,0.000000,-0.707107,0.999970,0.000000,0.033103,0
-0.707107,-0.000000,0.707107,-0.000000,1.000000,0.000000,-0.707107,0.000000,-0.707107,0.999972,0.000000,0.031667,0
-0.707107,-0.000000,0.707107,-0.000000,1.000000,0.000000,-0.707107,0.000000,-0.707107,0.999975,0.000000,0.030351,0
-0.707107,-0.000000,0.707107,-0.000000,1.000000,0.000000,-0.707107,0.000000,-0.707107,0.999977,0.000000,0.029160,0
-0.707107,-0.000000,0.707107,-0.000000,1.000000,0.000000,-0.707107,0.000000,-0.707107,0.999980,0.000000,0.028103,0
-0.707107,-0.000000,0.707107,-0.000000,1.000000,0.000000,-0.707107,0.000000,-0.707107,0.999982,0.000000,0.027188,0
-0.707107,-0.000000,0.707107,-0.000000,1.000000,0.000000,-0.707107,0.000000,-0.707107,0.999985,0.000000,0.026422,0
-0.707107,-0.000000,0.707107,-0.000000,1.000000,0.000000,-0.707107,0.000000,-0.707107,0.999987,0.000000,0.025813,0
-0.707107,-0.000000,0.707107,-0.000000,1.000000,0.000000,-0.707107,0.000000,-0.707107,0.999989,0.000000,0.025368,0
-0.707107,-0.000000,0.707107,-0.000000,1.000000,0.000000,-0.707107,0.000000,-0.707107,0.999991,0.000000,0.025096,0
-0.707107,-0.000000,0.707107,-0.000000,1.000000,0.000000,-0.707107,0.000000,-0.707107,0.999993,0.000000,0.025003,0
-0.707107,-0.000000,0.707107,-0.000000,1.000000,0.000000,-0.707107,0.000000,-0.707107,0.999995,0.000000,0.025001,1
-0.707107,-0.000000,0.707107,-0.000000,1.000000,0.000000,-0.707107,0.000000,-0.707107,0.999996,0.000000,0.025001,1
-0.707107,-0.000000,0.707107,-0.000000,1.000000,0.000000,-0.707107,0.000000,-0.707107,0.999996,0.000000,0.025001,1
-0.707107,-0.000000,0.707107,-0.000000,1.000000,0.000000,-0.707107,0.000000,-0.707107,0.999997,0.000000,0.025001,1
-0.707107,-0.000000,0.707107,-0.000000,1.000000,0.000000,-0.707107,0.000000,-0.707107,0.999998,0.000000,0.025000,1
-0.707107,-0.000000,0.707107,-0.000000,1.000000,0.000000,-0.707107,0.000000,-0.707107,0.999998,0.000000,0.025000,1
-0.707107,-0.000000,0.707107,-0.000000,1.000000,0.000000,-0.707107,0.000000,-0.707107,0.999999,0.000000,0.025000,1
-0.707107,-0.000000,0.707107,-0.000000,1.000000,0.000000,-0.707107,0.000000,-0.707107,0.999999,0.000000,0.025000,1
-0.707107,-0.000000,0.707107,-0.000000,1.000000,0.000000,-0.707107,0.000000,-0.707107,0.999999,0.000000,0.025000,1
-0.707107,-0.000000,0.707107,-0.000000,1.000000,0.000000,-0.707107,0.000000,-0.707107,0.999999,0.000000,0.025000,1
-0.707107,-0.000000,0.707107,-0.000000,1.000000,0.000000,-0.707107,0.000000,-0.707107,0.999999,0.000000,0.025000,1
-0.707107,-0.000000,0.707107,-0.000000,1.000000,0.000000,-0.707107,0.000000,-0.707107,1.000000,0.000000,0.025000,1
-0.707107,-0.000000,0.707107,-0.000000,1.000000,0.000000,-0.707107,0.000000,-0.707107,1.000000,0.000000,0.025000,1
-0.707107,-0.000000,0.707107,-0.000000,1.000000,0.000000,-0.707107,0.000000,-0.707107,1.000000,0.000000,0.025000,1
-0.707107,-0.000000,0.707107,-0.000000,1.000000,0.000000,-0.707107,0.000000,-0.707107,1.000000,0.000000,0.025000,1
-0.707107,-0.000000,0.707107,-0.000000,1.000000,0.000000,-0.707107,0.000000,-0.707107,1.000000,0.000000,0.025000,1
-0.707107,-0.000000,0.707107,-0.000000,1.000000,0.000000,-0.707107,0.000000,-0.707107,1.000000,0.000000,0.025000,1
-0.707107,-0.000000,0.707107,-0.000000,1.000000,0.000000,-0.707107,0.000000,-0.707107,1.000000,0.000000,0.025000,1
-0.707107,-0.000000,0.707107,-0.000000,1.000000,0.000000,-0.707107,0.000000,-0.707107,1.000000,0.000000,0.025000,1
-0.707107,-0.000000,0.707107,-0.000000,1.000000,0.000000,-0.707107,0.000000,-0.707107,1.000000,0.000000,0.025000,1
-0.707107,-0.000000,0.707107,-0.000000,1.000000,0.000000,-0.707107,0.000000,-0.707107,1.000000,0.000000,0.025000,1
-0.707107,-0.000000,0.707107,-0.000000,1.000000,0.000000,-0.707107,0.000000,-0.707107,1.000000,0.000000,0.025000,1
-0.707107,-0.000000,0.707107,-0.000000,1.000000,0.000000,-0.707107,0.000000,-0.707107,1.000000,0.000000,0.025000,1
-0.707107,-0.000000,0.707107,-0.000000,1.000000,0.000000,-0.707107,0.000000,-0.707107,1.000000,0.000000,0.025000,1
-0.707107,-0.000000,0.707107,-0.000000,1.000000,0.000000,-0.707107,0.000000,-0.707107,1.000000,0.000000,0.025000,1
-0.707107,-0.000000,0.707107,-0.000000,1.000000,0.000000,-0.707107,0.000000,-0.707107,1.000000,0.000000,0.025000,1
-0.707107,-0.000000,0.707107,-0.000000,1.000000,0.000000,-0.707107,0.000000,-0.707107,1.000000,0.000000,0.025000,1
-0.707107,-0.000000,0.707107,-0.000000,1.000000,0.000000,-0.707107,0.000000,-0.707107,1.000000,0.000000,0.025000,1
-0.707107,-0.000000,0.707107,-0.000000,1.000000,0.000000,-0.707107,0.000000,-0.707107,1.000000,0.000000,0.025000,1
-0.707107,-0.000000,0.707107,-0.000000,1.000000,0.000000,-0.707107,0.000000,-0.707107,1.000000,0.000000,0.025000,1
-0.707107,-0.000000,0.707107,-0.000000,1.000000,0.000000,-0.707107,0.000000,-0.707107,1.000000,0.000000,0.025000,1
-0.707107,-0.000000,0.707107,-0.000000,1.000000,0.000000,-0.707107,0.000000,-0.707107,1.000000,0.000000,0.025000,1
-0.707107,-0.000000,0.707107,-0.000000,1.000000,0.000000,-0.707107,0.000000,-0.707107,1.000000,0.000000,0.025000,1
-0.707107,-0.000000,0.707107,-0.000000,1.000000,0.000000,-0.707107,0.000000,-0.707107,1.000000,0.000000,0.025000,1
-0.707107,-0.000000,0.707107,-0.000000,1.000000,0.000000,-0.707107,0.000000,-0.707107,1.000000,0.000000,0.025000,1
-0.707107,-0.000000,0.707107,-0.000000,1.000000,0.000000,-0.707107,0.000000,-0.707107,1.000000,0.000000,0.025000,1
-0.707107,-0.000000,0.707107,-0.000000,1.000000,0.000000,-0.707107,0.000000,-0.707107,1.000000,0.000000,0.025000,1
-0.707107,-0.000000,0.707107,-0.000000,1.000000,0.000000,-0.707107,0.000000,-0.707107,1.000000,0.000000,0.025000,1
-0.707107,-0.000000,0.707107,-0.000000,1.000000,0.000000,-0.707107,0.000000,-0.707107,1.000000,0.000000,0.025000,1
-0.707107,-0.000000,0.707107,-0.000000,1.000000,0.000000,-0.707107,0.000000,-0.707107,1.000000,0.000000,0.025000,1
-0.707107,-0.000000,0.707107,-0.000000,1.000000,0.000000,-0.707107,0.000000,-0.707107,1.000000,0.000000,0.025000,1
-0.707107,-0.000000,0.707107,-0.000000,1.000000,0.000000,-0.707107,0.000000,-0.707107,1.000000,0.000000,0.025000,1
-0.707107,-0.000000,0.707107,-0.000000,1.000000,0.000000,-0.707107,0.000000,-0.707107,1.000000,0.000000,0.025000,1
-0.707107,-0.000000,0.707107,-0.000000,1.000000,0.000000,-0.707107,0.000000,-0.707107,1.000000,0.000000,0.025000,1
-0.707107,-0.000000,0.707107,-0.000000,1.000000,0.000000,-0.707107,0.000000,-0.707107,1.000000,0.000000,0.025000,1
-0.707107,-0.000000,0.707107,-0.000000,1.000000,0.000000,-0.707107,0.000000,-0.707107,1.000000,0.000000,0.025000,1
-0.707107,-0.000000,0.707107,-0.000000,1.000000,0.000000,-0.707107,0.000000,-0.707107,1.000000,0.000000,0.025000,1
-0.707107,-0.000000,0.707107,-0.000000,1.000000,0.000000,-0.707107,0.000000,-0.707107,1.000000,0.000000,0.025000,1
-0.707107,-0.000000,0.707107,-0.000000,1.000000,0.000000,-0.707107,0.000000,-0.707107,1.000000,0.000000,0.025000,1
-0.707107,-0.000000,0.707107,-0.000000,1.000000,0.000000,-0.707107,0.000000,-0.707107,1.000000,0.000000,0.025000,1
-0.707107,-0.000000,0.707107,-0.000000,1.000000,0.000000,-0.707107,0.000000,-0.707107,1.000000,0.000000,0.025000,1
-0.707107,0.000000,0.707107,0.000000,1.000000,-0.000000,-0.707107,0.000000,-0.707107,1.000000,-0.000000,0.025092,1
-0.707107,0.000000,0.707107,0.000000,1.000000,-0.000000,-0.707107,0.000000,-0.707107,1.000000,-0.000000,0.025365,1
-0.707107,0.000000,0.707107,0.000000,1.000000,-0.000000,-0.707107,0.000000,-0.707107,1.000000,-0.000000,0.025809,1
-0.707107,0.000000,0.707107,0.000000,1.000000,-0.000000,-0.707107,0.000000,-0.707107,0.999999,-0.000000,0.026418,1
-0.707107,0.000000,0.707107,0.000000,1.000000,-0.000000,-0.707107,0.000000,-0.707107,0.999998,-0.000000,0.027184,1
-0.707107,0.000000,0.707107,0.000000,1.000000,-0.000000,-0.707107,0.000000,-0.707107,0.999997,-0.000000,0.028099,1
-0.707107,0.000000,0.707107,0.000000,1.000000,-0.000000,-0.707107,0.000000,-0.707107,0.999996,-0.000000,0.029155,1
-0.707107,0.000000,0.707107,0.000000,1.000000,-0.000000,-0.707107,0.000000,-0.707107,0.999994,-0.000000,0.030346,1
-0.707107,0.000000,0.707107,0.000000,1.000000,-0.000000,-0.707107,0.000000,-0.707107,0.999992,-0.000000,0.031663,1
-0.707107,0.000000,0.707107,0.000000,1.000000,-0.000000,-0.707107,0.000000,-0.707107,0.999990,-0.000000,0.033098,1
-0.707107,0.000000,0.707107,0.000000,1.000000,-0.000000,-0.707107,0.000000,-0.707107,0.999988,-0.000000,0.034644,1
-0.707107,0.000000,0.707107,0.000000,1.000000,-0.000000,-0.707107,0.000000,-0.707107,0.999986,-0.000000,0.036294,1
-0.707107,0.000000,0.707107,0.000000,1.000000,-0.000000,-0.707107,0.000000,-0.707107,0.999983,-0.000000,0.038039,1
-0.707107,0.000000,0.707107,0.000000,1.000000,-0.000000,-0.707107,0.000000,-0.707107,0.999981,-0.000000,0.039872,1
-0.707107,0.000000,0.707107,0.000000,1.000000,-0.000000,-0.707107,0.000000,-0.707107,0.999978,-0.000000,0.041786,1
-0.707107,0.000000,0.707107,0.000000,1.000000,-0.000000,-0.707107,0.000000,-0.707107,0.999976,-0.000000,0.043772,1
-0.707107,0.000000,0.707107,0.000000,1.000000,-0.000000,-0.707107,0.000000,-0.707107,0.999973,-0.000000,0.045823,1
-0.707107,0.000000,0.707107,0.000000,1.000000,-0.000000,-0.707107,0.000000,-0.707107,0.999971,-0.000000,0.047931,1
-0.707107,0.000000,0.707107,0.000000,1.000000,-0.000000,-0.707107,0.000000,-0.707107,0.999968,-0.000000,0.050089,1
-0.707107,0.000000,0.707107,0.000000,1.000000,-0.000000,-0.707107,0.000000,-0.707107,0.999966,-0.000000,0.052290,1
-0.707107,0.000000,0.707107,0.000000,1.000000,-0.000000,-0.707107,0.000000,-0.707107,0.999964,-0.000000,0.054524,1
-0.707107,0.000000,0.707107,0.000000,1.000000,-0.000000,-0.707107,0.000000,-0.707107,0.999963,-0.000000,0.056785,1
-0.707107,0.000000,0.707107,0.000000,1.000000,-0.000000,-0.707107,0.000000,-0.707107,0.999961,-0.000000,0.059065,1
-0.707107,0.000000,0.707107,0.000000,1.000000,-0.000000,-0.707107,0.000000,-0.707107,0.999960,-0.000000,0.061357,1
-0.707107,0.000000,0.707107,0.000000,1.000000,-0.000000,-0.707107,0.000000,-0.707107,0.999959,-0.000000,0.063652,1
-0.707107,0.000000,0.707107,0.000000,1.000000,-0.000000,-0.707107,0.000000,-0.707107,0.999958,-0.000000,0.065944,1
-0.707107,0.000000,0.707107,0.000000,1.000000,-0.000000,-0.707107,0.000000,-0.707107,0.999957,-0.000000,0.068224,1
-0.707107,0.000000,0.707107,0.000000,1.000000,-0.000000,-0.707107,0.000000,-0.707107,0.999957,-0.000000,0.070485,1
-0.707107,0.000000,0.707107,0.000000,1.000000,-0.000000,-0.707107,0.000000,-0.707107,0.999957,-0.000000,0.072719,1
-0.707107,0.000000,0.707107,0.000000,1.000000,-0.000000,-0.707107,0.000000,-0.707107,0.999957,-0.000000,0.074918,1
-0.707107,0.000000,0.707107,0.000000,1.000000,-0.000000,-0.707107,0.000000,-0.707107,0.999958,-0.000000,0.077076,1
-0.707107,0.000000,0.707107,0.000000,1.000000,-0.000000,-0.707107,0.000000,-0.707107,0.999958,-0.000000,0.079184,1
-0.707107,0.000000,0.707107,0.000000,1.000000,-0.000000,-0.707107,0.000000,-0.707107,0.999960,-0.000000,0.081234,1
-0.707107,0.000000,0.707107,0.000000,1.000000,-0.000000,-0.707107,0.000000,-0.707107,0.999961,-0.000000,0.083220,1
-0.707107,0.000000,0.707107,0.000000,1.000000,-0.000000,-0.707107,0.000000,-0.707107,0.999962,-0.000000,0.085132,1
-0.707107,0.000000,0.707107,0.000000,1.000000,-0.000000,-0.707107,0.000000,-0.707107,0.999964,-0.000000,0.086965,1
-0.707107,0.000000,0.707107,0.000000,1.000000,-0.000000,-0.707107,0.000000,-0.707107,0.999966,-0.000000,0.088709,1
-0.707107,0.000000,0.707107,0.000000,1.000000,-0.000000,-0.707107,0.000000,-0.707107,0.999968,-0.000000,0.090358,1
-0.707107,0.000000,0.707107,0.000000,1.000000,-0.000000,-0.707107,0.000000,-0.707107,0.999970,-0.000000,0.091904,1
-0.707107,0.000000,0.707107,0.000000,1.000000,-0.000000,-0.707107,0.000000,-0.707107,0.999973,-0.000000,0.093338,1
-0.707107,0.000000,0.707107,0.000000,1.000000,-0.000000,-0.707107,0.000000,-0.707107,0.999975,-0.000000,0.094655,1
-0.707107,0.000000,0.707107,0.000000,1.000000,-0.000000,-0.707107,0.000000,-0.707107,0.999978,-0.000000,0.095845,1
-0.707107,0.000000,0.707107,0.000000,1.000000,-0.000000,-0.707107,0.000000,-0.707107,0.999980,-0.000000,0.096901,1
-0.707107,0.000000,0.707107,0.000000,1.000000,-0.000000,-0.707107,0.000000,-0.707107,0.999983,-0.000000,0.097815,1
-0.707107,0.000000,0.707107,0.000000,1.000000,-0.000000,-0.707107,0.000000,-0.707107,0.999985,-0.000000,0.098581,1
-0.707107,0.000000,0.707107,0.000000,1.000000,-0.000000,-0.707107,0.000000,-0.707107,0.999988,-0.000000,0.099190,1
