0.953703,0.004358,-0.300720,0.003186,0.999692,0.024593,0.300734,-0.024413,0.953395,0.029192,0.011205,0.517687,0
0.825160,0.054422,0.562272,0.053789,0.983256,-0.174108,-0.562333,0.173911,0.808416,0.147196,-0.032490,0.272758,0
0.481123,-0.026649,0.876248,-0.026973,0.998615,0.045181,-0.876238,-0.045372,0.479737,0.104802,-0.052351,0.423373,0
0.248410,-0.011548,0.968586,-0.011705,0.999820,0.014923,-0.968584,-0.015044,0.248230,0.124726,-0.024045,0.419474,0
0.125032,-0.005670,0.992137,-0.005746,0.999963,0.006438,-0.992136,-0.006506,0.124995,0.109608,-0.011456,0.423913,0
0.062391,-0.002825,0.998048,-0.002863,0.999991,0.003010,-0.998048,-0.003045,0.062382,0.117313,-0.005572,0.413807,0
0.030867,-0.001412,0.999523,-0.001430,0.999998,0.001457,-0.999522,-0.001474,0.030865,0.082812,-0.002704,0.434416,0
0.014982,-0.000706,0.999888,-0.000715,0.999999,0.000717,-0.999888,-0.000725,0.014982,0.046567,-0.001405,0.461739,0
0.006915,-0.000353,0.999976,-0.000357,1.000000,0.000356,-0.999976,-0.000360,0.006915,0.038773,-0.000705,0.463892,0
0.002744,-0.000177,0.999996,-0.000179,1.000000,0.000177,-0.999996,-0.000179,0.002744,0.027629,-0.000351,0.472786,0
0.000507,-0.000088,1.000000,-0.000089,1.000000,0.000088,-1.000000,-0.000089,0.000507,0.016635,-0.000178,0.484182,0
-0.000777,-0.000044,1.000000,-0.000045,1.000000,0.000044,-1.000000,-0.000045,-0.000777,0.011817,-0.000089,0.489080,0
-0.001598,-0.000022,0.999999,-0.000022,1.000000,0.000022,-0.999999,-0.000022,-0.001598,0.008480,-0.000045,0.493230,0
-0.002202,-0.000011,0.999998,-0.000011,1.000000,0.000011,-0.999998,-0.000011,-0.002202,0.006363,-0.000022,0.496386,0
-0.002710,-0.000006,0.999996,-0.000006,1.000000,0.000006,-0.999996,-0.000006,-0.002710,0.005460,-0.000011,0.498190,0
-0.003185,-0.000004,0.999995,-0.000003,1.000000,0.000004,-0.999995,-0.000003,-0.003185,0.005308,-0.000005,0.499115,0
-0.003657,-0.000002,0.999993,-0.000001,1.000000,0.000002,-0.999993,-0.000001,-0.003657,0.005559,-0.000003,0.499584,0
-0.004140,-0.000000,0.999991,-0.000000,1.000000,0.000000,-0.999991,0.000000,-0.004140,0.006033,-0.000002,0.499824,0
-0.004643,-0.000000,0.999989,-0.000000,1.000000,0.000000,-0.999989,0.000000,-0.004643,0.006637,-0.000001,0.499947,0
-0.005169,-0.000000,0.999987,-0.000000,1.000000,0.000000,-0.999987,0.000000,-0.005169,0.007326,-0.000000,0.500011,0
-0.005720,-0.000000,0.999984,-0.000000,1.000000,0.000000,-0.999984,0.000000,-0.005720,0.008075,-0.000000,0.500046,0
-0.006297,-0.000000,0.999980,-0.000000,1.000000,0.000000,-0.999980,0.000000,-0.006297,0.008874,-0.000000,0.500065,0
-0.006899,-0.000000,0.999976,-0.000000,1.000000,0.000000,-0.999976,0.000000,-0.006899,0.009715,-0.000000,0.500078,0
-0.007528,-0.000000,0.999972,-0.000000,1.000000,0.000000,-0.999972,0.000000,-0.007528,0.010597,-0.000000,0.500086,0
-0.008183,-0.000000,0.999967,-0.000000,1.000000,0.000000,-0.999967,0.000000,-0.008183,0.011516,-0.000000,0.500092,0
-0.008863,-0.000000,0.999961,-0.000000,1.000000,0.000000,-0.999961,0.000000,-0.008863,0.012473,-0.000000,0.500096,0
-0.009570,-0.000000,0.999954,-0.000000,1.000000,0.000000,-0.999954,0.000000,-0.009570,0.013467,-0.000000,0.500100,0
-0.010302,-0.000000,0.999947,-0.000000,1.000000,0.000000,-0.999947,0.000000,-0.010302,0.014498,0.000000,0.500102,0
-0.011060,-0.000000,0.999939,-0.000000,1.000000,0.000000,-0.999939,0.000000,-0.011060,0.015564,0.000000,0.500104,0
-0.011843,-0.000000,0.999930,-0.000000,1.000000,0.000000,-0.999930,0.000000,-0.011843,0.016666,0.000000,0.500105,0
-0.012652,-0.000000,0.999920,-0.000000,1.000000,0.000000,-0.999920,0.000000,-0.012652,0.017804,0.000000,0.500105,0
-0.013486,-0.000000,0.999909,-0.000000,1.000000,0.000000,-0.999909,0.000000,-0.013486,0.018978,0.000000,0.500104,0
-0.014344,-0.000000,0.999897,-0.000000,1.000000,0.000000,-0.999897,0.000000,-0.014344,0.020186,0.000000,0.500102,0
-0.015228,-0.000000,0.999884,-0.000000,1.000000,0.000000,-0.999884,0.000000,-0.015228,0.021430,0.000000,0.500099,0
-0.016136,-0.000000,0.999870,-0.000000,1.000000,0.000000,-0.999870,0.000000,-0.016136,0.022708,0.000000,0.500094,0
-0.017069,-0.000000,0.999854,-0.000000,1.000000,0.000000,-0.999854,0.000000,-0.017069,0.024021,0.000000,0.500088,0
-0.018026,-0.000000,0.999838,-0.000000,1.000000,0.000000,-0.999838,0.000000,-0.018026,0.025368,0.000000,0.500081,0
-0.019008,-0.000000,0.999819,-0.000000,1.000000,0.000000,-0.999819,0.000000,-0.019008,0.026749,0.000000,0.500072,0
-0.020013,-0.000000,0.999800,-0.000000,1.000000,0.000000,-0.999800,0.000000,-0.020013,0.028164,0.000000,0.500062,0
-0.021042,-0.000000,0.999779,-0.000000,1.000000,0.000000,-0.999779,0.000000,-0.021042,0.029613,0.000000,0.500050,0
-0.022096,-0.000000,0.999756,-0.000000,1.000000,0.000000,-0.999756,0.000000,-0.022096,0.031096,0.000000,0.500036,0
-0.023172,-0.000000,0.999731,-0.000000,1.000000,0.000000,-0.999731,0.000000,-0.023172,0.032611,0.000000,0.500020,0
-0.024273,-0.000000,0.999705,-0.000000,1.000000,0.000000,-0.999705,0.000000,-0.024273,0.034160,0.000000,0.500002,0
-0.025396,-0.000000,0.999677,-0.000000,1.000000,0.000000,-0.999677,0.000000,-0.025396,0.035742,0.000000,0.499982,0
-0.026543,-0.000000,0.999648,-0.000000,1.000000,0.000000,-0.999648,0.000000,-0.026543,0.037356,0.000000,0.499959,0
-0.027713,-0.000000,0.999616,-0.000000,1.000000,0.000000,-0.999616,0.000000,-0.027713,0.039004,0.000000,0.499933,0
-0.028906,-0.000000,0.999582,-0.000000,1.000000,0.000000,-0.999582,0.000000,-0.028906,0.040683,0.000000,0.499905,0
-0.030121,-0.000000,0.999546,-0.000000,1.000000,0.000000,-0.999546,0.000000,-0.030121,0.042395,0.000000,0.499873,0
-0.031359,-0.000000,0.999508,-0.000000,1.000000,0.000000,-0.999508,0.000000,-0.031359,0.044139,0.000000,0.499838,0
-0.032620,-0.000000,0.999468,-0.000000,1.000000,0.000000,-0.999468,0.000000,-0.032620,0.045915,0.000000,0.499799,0
-0.033902,-0.000000,0.999425,-0.000000,1.000000,0.000000,-0.999425,0.000000,-0.033902,0.047723,0.000000,0.499756,0
-0.035207,-0.000000,0.999380,-0.000000,1.000000,0.000000,-0.999380,0.000000,-0.035207,0.049562,0.000000,0.499710,0
-0.036534,-0.000000,0.999332,-0.000000,1.000000,0.000000,-0.999332,0.000000,-0.036534,0.051432,0.000000,0.499660,0
-0.037883,-0.000000,0.999282,-0.000000,1.000000,0.000000,-0.999282,0.000000,-0.037883,0.053332,0.000000,0.499609,0
-0.039253,-0.000000,0.999229,-0.000000,1.000000,0.000000,-0.999229,0.000000,-0.039253,0.055262,0.000000,0.499554,0
-0.040645,-0.000000,0.999174,-0.000000,1.000000,0.000000,-0.999174,0.000000,-0.040645,0.057221,0.000000,0.499498,0
-0.042058,-0.000000,0.999115,-0.000000,1.000000,0.000000,-0.999115,0.000000,-0.042058,0.059211,0.000000,0.499438,0
-0.043492,-0.000000,0.999054,-0.000000,1.000000,0.000000,-0.999054,0.000000,-0.043492,0.061229,0.000000,0.499376,0
-0.044947,-0.000000,0.998989,-0.000000,1.000000,0.000000,-0.998989,0.000000,-0.044947,0.063277,0.000000,0.499311,0
-0.046423,-0.000000,0.998922,-0.000000,1.000000,0.000000,-0.998922,0.000000,-0.046423,0.065355,0.000000,0.499242,0
-0.047920,-0.000000,0.998851,-0.000000,1.000000,0.000000,-0.998851,0.000000,-0.047920,0.067461,0.000000,0.499169,0
-0.049438,0.000001,0.998777,0.000000,1.000000,-0.000001,-0.998777,0.000000,-0.049438,0.069596,-0.000000,0.499092,0
-0.050976,0.000001,0.998700,0.000000,1.000000,-0.000001,-0.998700,0.000000,-0.050976,0.071761,-0.000000,0.499010,0
-0.052534,0.000002,0.998619,0.000000,1.000000,-0.000002,-0.998619,0.000000,-0.052534,0.073954,-0.000000,0.498924,0
-0.054112,0.000002,0.998535,0.000000,1.000000,-0.000002,-0.998535,0.000000,-0.054112,0.076175,-0.000001,0.498834,0
-0.055710,0.000002,0.998447,0.000000,1.000000,-0.000002,-0.998447,0.000000,-0.055710,0.078424,-0.000000,0.498738,0
-0.057328,0.000002,0.998355,0.000000,1.000000,-0.000002,-0.998355,0.000000,-0.057328,0.080702,-0.000000,0.498638,0
-0.058966,0.000001,0.998260,0.000000,1.000000,-0.000001,-0.998260,0.000000,-0.058966,0.083007,-0.000000,0.498532,0
-0.060623,0.000001,0.998161,0.000000,1.000000,-0.000001,-0.998161,0.000000,-0.060623,0.085339,-0.000000,0.498422,0
-0.062299,0.000001,0.998058,0.000000,1.000000,-0.000001,-0.998058,0.000000,-0.062299,0.087699,-0.000000,0.498306,0
-0.063994,0.000001,0.997950,0.000000,1.000000,-0.000001,-0.997950,0.000000,-0.063994,0.090086,-0.000000,0.498184,0
-0.065709,0.000001,0.997839,0.000000,1.000000,-0.000001,-0.997839,0.000000,-0.065709,0.092500,-0.000000,0.498058,0
-0.067442,0.000001,0.997723,0.000000,1.000000,-0.000001,-0.997723,0.000000,-0.067442,0.094941,-0.000000,0.497925,0
-0.069194,0.000001,0.997603,0.000000,1.000000,-0.000001,-0.997603,0.000000,-0.069194,0.097407,-0.000000,0.497787,0
-0.070965,0.000001,0.997479,0.000000,1.000000,-0.000001,-0.997479,0.000000,-0.070965,0.099900,-0.000000,0.497642,0
-0.072753,0.000001,0.997350,0.000000,1.000000,-0.000001,-0.997350,0.000000,-0.072753,0.102419,-0.000000,0.497492,0
-0.074560,0.000001,0.997216,0.000000,1.000000,-0.000001,-0.997216,0.000000,-0.074560,0.104964,-0.000000,0.497335,0
-0.076385,0.000001,0.997078,0.000000,1.000000,-0.000001,-0.997078,0.000000,-0.076385,0.107534,-0.000000,0.497173,0
-0.078228,0.000001,0.996935,0.000000,1.000000,-0.000001,-0.996935,0.000000,-0.078228,0.110129,-0.000000,0.497003,0
-0.080089,0.000001,0.996788,0.000000,1.000000,-0.000001,-0.996788,0.000000,-0.080089,0.112750,-0.000000,0.496827,0
-0.081967,0.000001,0.996635,0.000000,1.000000,-0.000001,-0.996635,0.000000,-0.081967,0.115395,-0.000000,0.496645,0
-0.083863,0.000001,0.996477,0.000000,1.000000,-0.000001,-0.996477,0.000000,-0.083863,0.118065,-0.000000,0.496456,0
-0.085775,0.000001,0.996315,0.000000,1.000000,-0.000001,-0.996315,0.000000,-0.085775,0.120759,-0.000000,0.496260,0
-0.087705,0.000001,0.996146,0.000000,1.000000,-0.000001,-0.996146,0.000000,-0.087705,0.123477,-0.000000,0.496056,0
-0.089652,0.000001,0.995973,0.000000,1.000000,-0.000001,-0.995973,0.000000,-0.089652,0.126219,-0.000000,0.495846,0
-0.091615,0.000000,0.995794,0.000000,1.000000,-0.000000,-0.995794,0.000000,-0.091615,0.128985,-0.000000,0.495628,0
-0.093595,0.000000,0.995610,0.000000,1.000000,-0.000000,-0.995610,0.000000,-0.093595,0.131774,-0.000000,0.495403,0
-0.095591,0.000000,0.995421,0.000000,1.000000,-0.000000,-0.995421,0.000000,-0.095591,0.134586,-0.000000,0.495170,0
-0.097604,0.000000,0.995225,0.000000,1.000000,-0.000000,-0.995225,0.000000,-0.097604,0.137421,-0.000000,0.494930,0
-0.099633,0.000000,0.995024,0.000000,1.000000,-0.000000,-0.995024,0.000000,-0.099633,0.140279,-0.000000,0.494682,0
-0.101677,0.000000,0.994817,0.000000,1.000000,-0.000000,-0.994817,0.000000,-0.101677,0.143160,-0.000000,0.494426,0
-0.103737,0.000000,0.994605,0.000000,1.000000,-0.000000,-0.994605,0.000000,-0.103737,0.146062,-0.000000,0.494162,0
-0.105813,0.000000,0.994386,0.000000,1.000000,-0.000000,-0.994386,0.000000,-0.105813,0.148987,-0.000000,0.493889,0
-0.107904,0.000000,0.994161,0.000000,1.000000,-0.000000,-0.994161,0.000000,-0.107904,0.151934,-0.000000,0.493609,0
-0.110011,0.000000,0.993930,0.000000,1.000000,-0.000000,-0.993930,0.000000,-0.110011,0.154902,-0.000000,0.493320,0
-0.112132,0.000000,0.993693,0.000000,1.000000,-0.000000,-0.993693,0.000000,-0.112132,0.157891,-0.000000,0.493022,0
-0.114269,0.000000,0.993450,0.000000,1.000000,-0.000000,-0.993450,0.000000,-0.114269,0.160902,-0.000000,0.492716,0
-0.116420,0.000000,0.993200,0.000000,1.000000,-0.000000,-0.993200,0.000000,-0.116420,0.163933,-0.000000,0.492402,0
-0.118585,0.000000,0.992944,0.000000,1.000000,-0.000000,-0.992944,0.000000,-0.118585,0.166985,-0.000000,0.492078,0
-0.120765,0.000000,0.992681,0.000000,1.000000,-0.000000,-0.992681,0.000000,-0.120765,0.170058,-0.000000,0.491745,0
-0.122960,0.000000,0.992412,0.000000,1.000000,-0.000000,-0.992412,0.000000,-0.122960,0.173150,-0.000000,0.491403,0
-0.125168,0.000000,0.992136,0.000000,1.000000,-0.000000,-0.992136,0.000000,-0.125168,0.176262,-0.000000,0.491052,0
-0.127390,0.000000,0.991853,0.000000,1.000000,-0.000000,-0.991853,0.000000,-0.127390,0.179394,-0.000000,0.490692,0
-0.129626,0.000000,0.991563,0.000000,1.000000,-0.000000,-0.991563,0.000000,-0.129626,0.182546,-0.000000,0.490322,0
-0.131876,0.000000,0.991266,0.000000,1.000000,-0.000000,-0.991266,0.000000,-0.131876,0.185716,-0.000000,0.489943,0
-0.134138,0.000000,0.990963,0.000000,1.000000,-0.000000,-0.990963,0.000000,-0.134138,0.188906,-0.000000,0.489554,0
-0.136414,0.000000,0.990652,0.000000,1.000000,-0.000000,-0.990652,0.000000,-0.136414,0.192114,-0.000000,0.489155,0
-0.138703,0.000000,0.990334,0.000000,1.000000,-0.000000,-0.990334,0.000000,-0.138703,0.195341,-0.000000,0.488746,0
-0.141005,0.000000,0.990009,0.000000,1.000000,-0.000000,-0.990009,0.000000,-0.141005,0.198586,-0.000000,0.488327,0
-0.143320,0.000000,0.989676,0.000000,1.000000,-0.000000,-0.989676,0.000000,-0.143320,0.201848,-0.000000,0.487898,0
-0.145647,0.000000,0.989337,0.000000,1.000000,-0.000000,-0.989337,0.000000,-0.145647,0.205129,-0.000000,0.487459,0
-0.147986,0.000000,0.988989,0.000000,1.000000,-0.000000,-0.988989,0.000000,-0.147986,0.208427,-0.000000,0.487010,0
-0.150338,0.000000,0.988635,0.000000,1.000000,-0.000000,-0.988635,0.000000,-0.150338,0.211742,-0.000000,0.486550,0
-0.152701,0.000000,0.988272,0.000000,1.000000,-0.000000,-0.988272,0.000000,-0.152701,0.215074,-0.000000,0.486079,0
-0.155076,0.000000,0.987902,0.000000,1.000000,-0.000000,-0.987902,0.000000,-0.155076,0.218423,-0.000000,0.485598,0
-0.157463,0.000001,0.987525,0.000000,1.000000,-0.000001,-0.987525,0.000000,-0.157463,0.221788,-0.000000,0.485106,0
-0.159862,0.000001,0.987139,0.000000,1.000000,-0.000001,-0.987139,0.000000,-0.159862,0.225170,-0.000000,0.484603,0
-0.162271,0.000001,0.986746,0.000000,1.000000,-0.000001,-0.986746,0.000000,-0.162271,0.228567,-0.000000,0.484090,0
-0.164692,0.000001,0.986345,0.000000,1.000000,-0.000001,-0.986345,0.000000,-0.164692,0.231980,-0.000000,0.483565,0
-0.167124,0.000001,0.985936,0.000000,1.000000,-0.000001,-0.985936,0.000000,-0.167124,0.235409,-0.000000,0.483028,0
-0.169566,0.000001,0.985519,0.000000,1.000000,-0.000001,-0.985519,0.000000,-0.169566,0.238852,-0.000000,0.482480,0
-0.172019,0.000001,0.985094,0.000000,1.000000,-0.000001,-0.985094,0.000000,-0.172019,0.242311,-0.000000,0.481921,0
-0.174483,0.000001,0.984660,0.000000,1.000000,-0.000001,-0.984660,0.000000,-0.174483,0.245784,-0.000000,0.481350,0
-0.176956,0.000001,0.984219,0.000000,1.000000,-0.000001,-0.984219,0.000000,-0.176956,0.249271,-0.000001,0.480767,0
-0.179440,0.000001,0.983769,0.000000,1.000000,-0.000001,-0.983769,0.000000,-0.179440,0.252773,-0.000001,0.480172,0
-0.181934,0.000001,0.983311,0.000000,1.000000,-0.000001,-0.983311,0.000000,-0.181934,0.256288,-0.000001,0.479564,0
-0.184437,0.000002,0.982844,0.000000,1.000000,-0.000002,-0.982844,0.000000,-0.184437,0.259816,-0.000001,0.478944,0
-0.186950,0.000001,0.982370,0.000000,1.000000,-0.000001,-0.982370,0.000000,-0.186950,0.263357,-0.000000,0.478310,0
-0.189472,0.000000,0.981886,0.000000,1.000000,-0.000000,-0.981886,0.000000,-0.189472,0.266910,-0.000000,0.477662,0
-0.192003,0.000000,0.981394,0.000000,1.000000,-0.000000,-0.981394,0.000000,-0.192003,0.270474,-0.000000,0.476999,0
-0.194543,0.000000,0.980894,0.000000,1.000000,-0.000000,-0.980894,0.000000,-0.194543,0.274049,-0.000000,0.476319,0
-0.197092,0.000000,0.980385,0.000000,1.000000,-0.000000,-0.980385,0.000000,-0.197092,0.277634,-0.000000,0.475621,0
-0.199650,0.000000,0.979867,0.000000,1.000000,-0.000000,-0.979867,0.000000,-0.199650,0.281225,-0.000000,0.474901,0
-0.202216,0.000000,0.979341,0.000000,1.000000,-0.000000,-0.979341,0.000000,-0.202216,0.284826,-0.000000,0.474167,0
-0.204791,0.000000,0.978806,0.000000,1.000000,-0.000000,-0.978806,0.000000,-0.204791,0.288451,0.000000,0.473463,0
-0.207373,0.000000,0.978262,0.000000,1.000000,-0.000000,-0.978262,0.000000,-0.207373,0.292124,0.000000,0.472836,0
-0.209964,0.000000,0.977709,0.000000,1.000000,-0.000000,-0.977709,0.000000,-0.209964,0.295801,0.000000,0.472174,0
-0.212562,0.000000,0.977148,0.000000,1.000000,-0.000000,-0.977148,0.000000,-0.212562,0.299479,0.000000,0.471464,0
-0.215167,0.000000,0.976577,0.000000,1.000000,-0.000000,-0.976577,0.000000,-0.215167,0.303161,0.000000,0.470724,0
-0.217780,0.000000,0.975998,0.000000,1.000000,-0.000000,-0.975998,0.000000,-0.217780,0.306851,0.000000,0.469962,0
-0.220401,0.000000,0.975409,0.000000,1.000000,-0.000000,-0.975409,0.000000,-0.220401,0.310550,0.000000,0.469184,0
-0.223028,0.000000,0.974812,0.000000,1.000000,-0.000000,-0.974812,0.000000,-0.223028,0.314258,0.000000,0.468390,0
-0.225662,0.000000,0.974206,0.000000,1.000000,-0.000000,-0.974206,0.000000,-0.225662,0.317975,0.000000,0.467583,0
-0.228303,0.000000,0.973590,0.000000,1.000000,-0.000000,-0.973590,0.000000,-0.228303,0.321702,0.000000,0.466763,0
-0.230950,0.000000,0.972966,0.000000,1.000000,-0.000000,-0.972966,0.000000,-0.230950,0.325438,0.000000,0.465930,0
-0.233604,0.000000,0.972332,0.000000,1.000000,-0.000000,-0.972332,0.000000,-0.233604,0.329182,0.000000,0.465084,0
-0.236264,0.000000,0.971689,0.000000,1.000000,-0.000000,-0.971689,0.000000,-0.236264,0.332936,0.000000,0.464225,0
-0.238929,0.000000,0.971037,0.000000,1.000000,-0.000000,-0.971037,0.000000,-0.238929,0.336698,0.000000,0.463353,0
-0.241601,0.000000,0.970376,0.000000,1.000000,-0.000000,-0.970376,0.000000,-0.241601,0.340468,0.000000,0.462468,0
-0.244278,0.000000,0.969705,0.000000,1.000000,-0.000000,-0.969705,0.000000,-0.244278,0.344247,0.000000,0.461571,0
-0.246960,0.000000,0.969026,0.000000,1.000000,-0.000000,-0.969026,0.000000,-0.246960,0.348033,0.000000,0.460660,0
-0.249647,0.000000,0.968337,0.000000,1.000000,-0.000000,-0.968337,0.000000,-0.249647,0.351826,0.000000,0.459737,0
-0.252340,0.000000,0.967639,0.000000,1.000000,-0.000000,-0.967639,0.000000,-0.252340,0.355627,0.000000,0.458801,0
-0.255038,0.000000,0.966931,0.000000,1.000000,-0.000000,-0.966931,0.000000,-0.255038,0.359435,0.000000,0.457851,0
-0.257740,0.000000,0.966214,0.000000,1.000000,-0.000000,-0.966214,0.000000,-0.257740,0.363249,0.000000,0.456889,0
-0.260446,0.000000,0.965488,0.000000,1.000000,-0.000000,-0.965488,0.000000,-0.260446,0.367070,0.000000,0.455914,0
-0.263157,0.000000,0.964753,0.000000,1.000000,-0.000000,-0.964753,0.000000,-0.263157,0.370897,0.000000,0.454925,0
-0.265873,0.000000,0.964008,0.000000,1.000000,-0.000000,-0.964008,0.000000,-0.265873,0.374731,0.000000,0.453924,0
-0.268592,0.000000,0.963254,0.000000,1.000000,-0.000000,-0.963254,0.000000,-0.268592,0.378570,0.000000,0.452909,0
-0.271315,0.000000,0.962491,0.000000,1.000000,-0.000000,-0.962491,0.000000,-0.271315,0.382414,0.000000,0.451882,0
-0.274041,0.000000,0.961718,0.000000,1.000000,-0.000000,-0.961718,0.000000,-0.274041,0.386264,0.000000,0.450841,0
-0.276771,0.000000,0.960936,0.000000,1.000000,-0.000000,-0.960936,0.000000,-0.276771,0.390119,0.000000,0.449787,0
-0.279504,0.000000,0.960144,0.000000,1.000000,-0.000000,-0.960144,0.000000,-0.279504,0.393978,0.000000,0.448721,0
-0.282241,0.000000,0.959344,0.000000,1.000000,-0.000000,-0.959344,0.000000,-0.282241,0.397842,0.000000,0.447641,0
-0.284980,0.000000,0.958534,0.000000,1.000000,-0.000000,-0.958534,0.000000,-0.284980,0.401710,0.000000,0.446548,0
-0.287722,0.000000,0.957714,0.000000,1.000000,-0.000000,-0.957714,0.000000,-0.287722,0.405582,0.000000,0.445442,0
-0.290466,0.000000,0.956885,0.000000,1.000000,-0.000000,-0.956885,0.000000,-0.290466,0.409458,0.000000,0.444322,0
-0.293213,0.000000,0.956047,0.000000,1.000000,-0.000000,-0.956047,0.000000,-0.293213,0.413338,0.000000,0.443190,0
-0.295962,0.000000,0.955200,0.000000,1.000000,-0.000000,-0.955200,0.000000,-0.295962,0.417220,0.000000,0.442045,0
-0.298713,0.000000,0.954343,0.000000,1.000000,-0.000000,-0.954343,0.000000,-0.298713,0.421106,0.000000,0.440886,0
-0.301466,0.000000,0.953477,0.000000,1.000000,-0.000000,-0.953477,0.000000,-0.301466,0.424994,0.000000,0.439715,0
-0.304220,0.000000,0.952602,0.000000,1.000000,-0.000000,-0.952602,0.000000,-0.304220,0.428885,0.000000,0.438530,0
-0.306976,0.000000,0.951717,0.000000,1.000000,-0.000000,-0.951717,0.000000,-0.306976,0.432778,0.000000,0.437333,0
-0.309733,0.000000,0.950823,0.000000,1.000000,-0.000000,-0.950823,0.000000,-0.309733,0.436673,0.000000,0.436122,0
-0.312492,0.000000,0.949920,0.000000,1.000000,-0.000000,-0.949920,0.000000,-0.312492,0.440570,0.000000,0.434899,0
-0.315251,0.000000,0.949008,0.000000,1.000000,-0.000000,-0.949008,0.000000,-0.315251,0.444468,0.000000,0.433663,0
-0.318011,0.000000,0.948087,0.000000,1.000000,-0.000000,-0.948087,0.000000,-0.318011,0.448368,0.000000,0.432414,0
-0.320772,0.000000,0.947156,0.000000,1.000000,-0.000000,-0.947156,0.000000,-0.320772,0.452269,0.000000,0.431151,0
-0.323533,0.000000,0.946217,0.000000,1.000000,-0.000000,-0.946217,0.000000,-0.323533,0.456170,0.000000,0.429877,0
-0.326295,0.000000,0.945268,0.000000,1.000000,-0.000000,-0.945268,0.000000,-0.326295,0.460072,0.000000,0.428589,0
-0.329056,0.000000,0.944310,0.000000,1.000000,-0.000000,-0.944310,0.000000,-0.329056,0.463974,0.000000,0.427289,0
-0.331818,0.000000,0.943344,0.000000,1.000000,-0.000000,-0.943344,0.000000,-0.331818,0.467876,0.000000,0.425975,0
-0.334579,0.000000,0.942368,0.000000,1.000000,-0.000000,-0.942368,0.000000,-0.334579,0.471778,0.000000,0.424650,0
-0.337340,0.000000,0.941383,0.000000,1.000000,-0.000000,-0.941383,0.000000,-0.337340,0.475680,0.000000,0.423311,0
-0.340100,0.000000,0.940389,0.000000,1.000000,-0.000000,-0.940389,0.000000,-0.340100,0.479581,0.000000,0.421960,0
-0.342859,0.000000,0.939387,0.000000,1.000000,-0.000000,-0.939387,0.000000,-0.342859,0.483481,0.000000,0.420597,0
-0.345618,0.000000,0.938375,0.000000,1.000000,-0.000000,-0.938375,0.000000,-0.345618,0.487380,0.000000,0.419221,0
-0.348375,0.000000,0.937355,0.000000,1.000000,-0.000000,-0.937355,0.000000,-0.348375,0.491277,0.000000,0.417833,0
-0.351131,0.000000,0.936326,0.000000,1.000000,-0.000000,-0.936326,0.000000,-0.351131,0.495173,0.000000,0.416432,0
-0.353886,0.000000,0.935289,0.000000,1.000000,-0.000000,-0.935289,0.000000,-0.353886,0.499067,0.000000,0.415019,0
-0.356639,0.000000,0.934242,0.000000,1.000000,-0.000000,-0.934242,0.000000,-0.356639,0.502959,0.000000,0.413594,0
-0.359390,0.000000,0.933187,0.000000,1.000000,-0.000000,-0.933187,0.000000,-0.359390,0.506848,0.000000,0.412157,0
-0.362140,0.000000,0.932124,0.000000,1.000000,-0.000000,-0.932124,0.000000,-0.362140,0.510735,0.000000,0.410707,0
-0.364887,0.000000,0.931052,0.000000,1.000000,-0.000000,-0.931052,0.000000,-0.364887,0.514619,0.000000,0.409246,0
-0.367632,0.000000,0.929971,0.000000,1.000000,-0.000000,-0.929971,0.000000,-0.367632,0.518500,0.000000,0.407773,0
-0.370374,0.000000,0.928883,0.000000,1.000000,-0.000000,-0.928883,0.000000,-0.370374,0.522377,0.000000,0.406288,0
-0.373114,0.000000,0.927785,0.000000,1.000000,-0.000000,-0.927785,0.000000,-0.373114,0.526251,0.000000,0.404791,0
-0.375851,0.000000,0.926680,0.000000,1.000000,-0.000000,-0.926680,0.000000,-0.375851,0.530122,0.000000,0.403282,0
-0.378585,0.000000,0.925566,0.000000,1.000000,-0.000000,-0.925566,0.000000,-0.378585,0.533988,0.000000,0.401762,0
-0.381317,0.000000,0.924445,0.000000,1.000000,-0.000000,-0.924445,0.000000,-0.381317,0.537850,0.000000,0.400230,0
-0.384044,0.000000,0.923315,0.000000,1.000000,-0.000000,-0.923315,0.000000,-0.384044,0.541708,0.000000,0.398687,0
-0.386769,0.000000,0.922177,0.000000,1.000000,-0.000000,-0.922177,0.000000,-0.386769,0.545561,0.000000,0.397133,0
-0.389490,0.000000,0.921031,0.000000,1.000000,-0.000000,-0.921031,0.000000,-0.389490,0.549409,0.000000,0.395567,0
-0.392207,0.000000,0.919877,0.000000,1.000000,-0.000000,-0.919877,0.000000,-0.392207,0.553252,0.000000,0.393990,0
-0.394920,0.000000,0.918715,0.000000,1.000000,-0.000000,-0.918715,0.000000,-0.394920,0.557090,0.000000,0.392402,0
-0.397629,0.000000,0.917546,0.000000,1.000000,-0.000000,-0.917546,0.000000,-0.397629,0.560922,0.000000,0.390803,0
-0.400334,0.000000,0.916369,0.000000,1.000000,-0.000000,-0.916369,0.000000,-0.400334,0.564748,0.000000,0.389193,0
-0.403035,0.000000,0.915185,0.000000,1.000000,-0.000000,-0.915185,0.000000,-0.403035,0.568569,0.000000,0.387573,0
-0.405731,0.000000,0.913993,0.000000,1.000000,-0.000000,-0.913993,0.000000,-0.405731,0.572383,0.000000,0.385942,0
-0.408422,0.000000,0.912793,0.000000,1.000000,-0.000000,-0.912793,0.000000,-0.408422,0.576190,0.000000,0.384300,0
-0.411109,0.000000,0.911586,0.000000,1.000000,-0.000000,-0.911586,0.000000,-0.411109,0.579991,0.000000,0.382648,0
-0.413790,0.000000,0.910372,0.000000,1.000000,-0.000000,-0.910372,0.000000,-0.413790,0.583785,0.000000,0.380985,0
-0.416467,0.000000,0.909151,0.000000,1.000000,-0.000000,-0.909151,0.000000,-0.416467,0.587572,0.000000,0.379313,0
-0.419138,0.000000,0.907923,0.000000,1.000000,-0.000000,-0.907923,0.000000,-0.419138,0.591352,0.000000,0.377630,0
-0.421804,0.000000,0.906687,0.000000,1.000000,-0.000000,-0.906687,0.000000,-0.421804,0.595124,0.000000,0.375937,0
-0.424464,0.000000,0.905445,0.000000,1.000000,-0.000000,-0.905445,0.000000,-0.424464,0.598888,0.000000,0.374235,0
-0.427118,0.000000,0.904196,0.000000,1.000000,-0.000000,-0.904196,0.000000,-0.427118,0.602645,0.000000,0.372523,0
-0.429767,0.000000,0.902940,0.000000,1.000000,-0.000000,-0.902940,0.000000,-0.429767,0.606393,0.000000,0.370801,0
-0.432409,0.000000,0.901677,0.000000,1.000000,-0.000000,-0.901677,0.000000,-0.432409,0.610133,0.000000,0.369070,0
-0.435045,0.000000,0.900408,0.000000,1.000000,-0.000000,-0.900408,0.000000,-0.435045,0.613864,0.000000,0.367330,0
-0.437675,0.000000,0.899133,0.000000,1.000000,-0.000000,-0.899133,0.000000,-0.437675,0.617587,0.000000,0.365580,0
-0.440299,0.000000,0.897851,0.000000,1.000000,-0.000000,-0.897851,0.000000,-0.440299,0.621300,0.000000,0.363821,0
-0.442916,0.000000,0.896563,0.000000,1.000000,-0.000000,-0.896563,0.000000,-0.442916,0.625005,0.000000,0.362054,0
-0.445526,0.000000,0.895269,0.000000,1.000000,-0.000000,-0.895269,0.000000,-0.445526,0.628699,0.000000,0.360277,0
-0.448129,0.000000,0.893969,0.000000,1.000000,-0.000000,-0.893969,0.000000,-0.448129,0.632385,0.000000,0.358493,0
-0.450725,0.000000,0.892663,0.000000,1.000000,-0.000000,-0.892663,0.000000,-0.450725,0.636060,0.000000,0.356699,0
-0.453314,0.000000,0.891351,0.000000,1.000000,-0.000000,-0.891351,0.000000,-0.453314,0.639726,0.000000,0.354897,0
-0.455896,0.000000,0.890033,0.000000,1.000000,-0.000000,-0.890033,0.000000,-0.455896,0.643381,0.000000,0.353088,0
-0.458470,0.000000,0.888710,0.000000,1.000000,-0.000000,-0.888710,0.000000,-0.458470,0.647026,0.000000,0.351270,0
-0.461037,0.000000,0.887381,0.000000,1.000000,-0.000000,-0.887381,0.000000,-0.461037,0.650660,0.000000,0.349444,0
-0.463596,0.000000,0.886047,0.000000,1.000000,-0.000000,-0.886047,0.000000,-0.463596,0.654284,0.000000,0.347611,0
-0.466147,0.000000,0.884707,0.000000,1.000000,-0.000000,-0.884707,0.000000,-0.466147,0.657896,0.000000,0.345770,0
-0.468690,0.000000,0.883363,0.000000,1.000000,-0.000000,-0.883363,0.000000,-0.468690,0.661498,0.000000,0.343921,0
-0.471225,0.000000,0.882013,0.000000,1.000000,-0.000000,-0.882013,0.000000,-0.471225,0.665088,0.000000,0.342066,0
-0.473751,0.000000,0.880659,0.000000,1.000000,-0.000000,-0.880659,0.000000,-0.473751,0.668666,0.000000,0.340203,0
-0.476270,0.000000,0.879299,0.000000,1.000000,-0.000000,-0.879299,0.000000,-0.476270,0.672233,0.000000,0.338333,0
-0.478779,0.000000,0.877935,0.000000,1.000000,-0.000000,-0.877935,0.000000,-0.478779,0.675788,0.000000,0.336457,0
-0.481281,0.000000,0.876567,0.000000,1.000000,-0.000000,-0.876567,0.000000,-0.481281,0.679330,0.000000,0.334574,0
-0.483773,0.000000,0.875194,0.000000,1.000000,-0.000000,-0.875194,0.000000,-0.483773,0.682861,0.000000,0.332685,0
-0.486256,0.000000,0.873816,0.000000,1.000000,-0.000000,-0.873816,0.000000,-0.486256,0.686379,0.000000,0.330789,0
-0.488731,0.000000,0.872435,0.000000,1.000000,-0.000000,-0.872435,0.000000,-0.488731,0.689884,0.000000,0.328888,0
-0.491196,0.000000,0.871049,0.000000,1.000000,-0.000000,-0.871049,0.000000,-0.491196,0.693377,0.000000,0.326980,0
-0.493652,0.000000,0.869660,0.000000,1.000000,-0.000000,-0.869660,0.000000,-0.493652,0.696856,0.000000,0.325067,0
-0.496098,0.000000,0.868266,0.000000,1.000000,-0.000000,-0.868266,0.000000,-0.496098,0.700323,0.000000,0.323149,0
-0.498535,0.000000,0.866869,0.000000,1.000000,-0.000000,-0.866869,0.000000,-0.498535,0.703776,0.000000,0.321225,0
-0.500962,0.000000,0.865469,0.000000,1.000000,-0.000000,-0.865469,0.000000,-0.500962,0.707215,0.000000,0.319296,0
-0.503380,0.000000,0.864065,0.000000,1.000000,-0.000000,-0.864065,0.000000,-0.503380,0.710641,0.000000,0.317362,0
-0.505788,0.000000,0.862658,0.000000,1.000000,-0.000000,-0.862658,0.000000,-0.505788,0.714053,0.000000,0.315423,0
-0.508185,0.000000,0.861248,0.000000,1.000000,-0.000000,-0.861248,0.000000,-0.508185,0.717451,0.000000,0.313480,0
-0.510573,0.000000,0.859834,0.000000,1.000000,-0.000000,-0.859834,0.000000,-0.510573,0.720835,0.000000,0.311532,0
-0.512950,0.000000,0.858418,0.000000,1.000000,-0.000000,-0.858418,0.000000,-0.512950,0.724204,0.000000,0.309580,0
-0.515317,0.000000,0.857000,0.000000,1.000000,-0.000000,-0.857000,0.000000,-0.515317,0.727559,0.000000,0.307625,0
-0.517674,0.000000,0.855578,0.000000,1.000000,-0.000000,-0.855578,0.000000,-0.517674,0.730899,0.000000,0.305665,0
-0.520020,0.000000,0.854154,0.000000,1.000000,-0.000000,-0.854154,0.000000,-0.520020,0.734225,0.000000,0.303702,0
-0.522355,0.000000,0.852728,0.000000,1.000000,-0.000000,-0.852728,0.000000,-0.522355,0.737535,0.000000,0.301735,0
-0.524679,0.000000,0.851300,0.000000,1.000000,-0.000000,-0.851300,0.000000,-0.524679,0.740830,0.000000,0.299765,0
-0.526993,0.000000,0.849870,0.000000,1.000000,-0.000000,-0.849870,0.000000,-0.526993,0.744110,0.000000,0.297792,0
-0.529295,0.000000,0.848438,0.000000,1.000000,-0.000000,-0.848438,0.000000,-0.529295,0.747375,0.000000,0.295817,0
-0.531587,0.000000,0.847004,0.000000,1.000000,-0.000000,-0.847004,0.000000,-0.531587,0.750624,0.000000,0.293838,0
-0.533867,0.000000,0.845568,0.000000,1.000000,-0.000000,-0.845568,0.000000,-0.533867,0.753857,0.000000,0.291858,0
-0.536136,0.000000,0.844132,0.000000,1.000000,-0.000000,-0.844132,0.000000,-0.536136,0.757074,0.000000,0.289875,0
-0.538393,0.000000,0.842694,0.000000,1.000000,-0.000000,-0.842694,0.000000,-0.538393,0.760275,0.000000,0.287890,0
-0.540639,0.000000,0.841255,0.000000,1.000000,-0.000000,-0.841255,0.000000,-0.540639,0.763460,0.000000,0.285904,0
-0.542874,0.000000,0.839814,0.000000,1.000000,-0.000000,-0.839814,0.000000,-0.542874,0.766629,0.000000,0.283916,0
-0.545096,0.000000,0.838374,0.000000,1.000000,-0.000000,-0.838374,0.000000,-0.545096,0.769781,0.000000,0.281927,0
-0.547307,0.000000,0.836932,0.000000,1.000000,-0.000000,-0.836932,0.000000,-0.547307,0.772916,0.000000,0.279936,0
-0.549506,0.000000,0.835490,0.000000,1.000000,-0.000000,-0.835490,0.000000,-0.549506,0.776035,0.000000,0.277945,0
-0.551692,0.000000,0.834048,0.000000,1.000000,-0.000000,-0.834048,0.000000,-0.551692,0.779137,0.000000,0.275953,0
-0.553867,0.000000,0.832605,0.000000,1.000000,-0.000000,-0.832605,0.000000,-0.553867,0.782221,0.000000,0.273960,0
-0.556029,0.000000,0.831163,0.000000,1.000000,-0.000000,-0.831163,0.000000,-0.556029,0.785289,0.000000,0.271967,0
-0.558179,0.000000,0.829720,0.000000,1.000000,-0.000000,-0.829720,0.000000,-0.558179,0.788339,0.000000,0.269975,0
-0.560317,0.000000,0.828278,0.000000,1.000000,-0.000000,-0.828278,0.000000,-0.560317,0.791372,0.000000,0.267982,0
-0.562442,0.000000,0.826837,0.000000,1.000000,-0.000000,-0.826837,0.000000,-0.562442,0.794387,0.000000,0.265990,0
-0.564555,0.000000,0.825396,0.000000,1.000000,-0.000000,-0.825396,0.000000,-0.564555,0.797384,0.000000,0.263999,0
-0.566655,0.000000,0.823955,0.000000,1.000000,-0.000000,-0.823955,0.000000,-0.566655,0.800364,0.000000,0.262008,0
-0.568742,0.000000,0.822516,0.000000,1.000000,-0.000000,-0.822516,0.000000,-0.568742,0.803325,0.000000,0.260019,0
-0.570816,0.000000,0.821078,0.000000,1.000000,-0.000000,-0.821078,0.000000,-0.570816,0.806269,0.000000,0.258031,0
-0.572878,0.000000,0.819641,0.000000,1.000000,-0.000000,-0.819641,0.000000,-0.572878,0.809194,0.000000,0.256044,0
-0.574926,0.000000,0.818205,0.000000,1.000000,-0.000000,-0.818205,0.000000,-0.574926,0.812101,0.000000,0.254059,0
-0.576961,0.000000,0.816772,0.000000,1.000000,-0.000000,-0.816772,0.000000,-0.576961,0.814989,0.000000,0.252077,0
-0.578983,0.000000,0.815339,0.000000,1.000000,-0.000000,-0.815339,0.000000,-0.578983,0.817859,0.000000,0.250096,0
-0.580992,0.000000,0.813909,0.000000,1.000000,-0.000000,-0.813909,0.000000,-0.580992,0.820710,0.000000,0.248118,0
-0.582987,0.000000,0.812481,0.000000,1.000000,-0.000000,-0.812481,0.000000,-0.582987,0.823542,0.000000,0.246143,0
-0.584969,0.000000,0.811055,0.000000,1.000000,-0.000000,-0.811055,0.000000,-0.584969,0.826356,0.000000,0.244171,0
-0.586938,0.000000,0.809632,0.000000,1.000000,-0.000000,-0.809632,0.000000,-0.586938,0.829150,0.000000,0.242201,0
-0.588893,0.000000,0.808211,0.000000,1.000000,-0.000000,-0.808211,0.000000,-0.588893,0.831925,0.000000,0.240236,0
-0.590834,0.000000,0.806793,0.000000,1.000000,-0.000000,-0.806793,0.000000,-0.590834,0.834681,0.000000,0.238274,0
-0.592761,0.000000,0.805378,0.000000,1.000000,-0.000000,-0.805378,0.000000,-0.592761,0.837417,0.000000,0.236316,0
-0.594675,0.000000,0.803966,0.000000,1.000000,-0.000000,-0.803966,0.000000,-0.594675,0.840134,0.000000,0.234362,0
-0.596575,0.000000,0.802558,0.000000,1.000000,-0.000000,-0.802558,0.000000,-0.596575,0.842831,0.000000,0.232412,0
-0.598460,0.000000,0.801153,0.000000,1.000000,-0.000000,-0.801153,0.000000,-0.598460,0.845509,0.000000,0.230467,0
-0.600332,0.000000,0.799751,0.000000,1.000000,-0.000000,-0.799751,0.000000,-0.600332,0.848166,0.000000,0.228527,0
-0.602189,0.000000,0.798353,0.000000,1.000000,-0.000000,-0.798353,0.000000,-0.602189,0.850804,0.000000,0.226592,0
-0.604033,0.000000,0.796959,0.000000,1.000000,-0.000000,-0.796959,0.000000,-0.604033,0.853422,0.000000,0.224663,0
-0.605862,0.000000,0.795570,0.000000,1.000000,-0.000000,-0.795570,0.000000,-0.605862,0.856020,0.000000,0.222739,0
-0.607677,0.000000,0.794185,0.000000,1.000000,-0.000000,-0.794185,0.000000,-0.607677,0.858597,0.000000,0.220821,0
-0.609477,0.000000,0.792804,0.000000,1.000000,-0.000000,-0.792804,0.000000,-0.609477,0.861154,0.000000,0.218909,0
-0.611263,0.000000,0.791428,0.000000,1.000000,-0.000000,-0.791428,0.000000,-0.611263,0.863691,0.000000,0.217003,0
-0.613034,0.000000,0.790056,0.000000,1.000000,-0.000000,-0.790056,0.000000,-0.613034,0.866207,0.000000,0.215104,0
-0.614791,0.000000,0.788690,0.000000,1.000000,-0.000000,-0.788690,0.000000,-0.614791,0.868702,0.000000,0.213211,0
-0.616533,0.000000,0.787329,0.000000,1.000000,-0.000000,-0.787329,0.000000,-0.616533,0.871177,0.000000,0.211326,0
-0.618260,0.000000,0.785973,0.000000,1.000000,-0.000000,-0.785973,0.000000,-0.618260,0.873631,0.000000,0.209448,0
-0.619973,0.000000,0.784623,0.000000,1.000000,-0.000000,-0.784623,0.000000,-0.619973,0.876064,0.000000,0.207578,0
-0.621671,0.000000,0.783279,0.000000,1.000000,-0.000000,-0.783279,0.000000,-0.621671,0.878476,0.000000,0.205715,0
-0.623354,0.000000,0.781940,0.000000,1.000000,-0.000000,-0.781940,0.000000,-0.623354,0.880866,0.000000,0.203860,0
-0.625021,0.000000,0.780608,0.000000,1.000000,-0.000000,-0.780608,0.000000,-0.625021,0.883236,0.000000,0.202014,0
-0.626674,0.000000,0.779281,0.000000,1.000000,-0.000000,-0.779281,0.000000,-0.626674,0.885584,0.000000,0.200176,0
-0.628312,0.000000,0.777962,0.000000,1.000000,-0.000000,-0.777962,0.000000,-0.628312,0.887911,0.000000,0.198347,0
-0.629934,0.000000,0.776649,0.000000,1.000000,-0.000000,-0.776649,0.000000,-0.629934,0.890217,0.000000,0.196527,0
-0.631541,0.000000,0.775342,0.000000,1.000000,-0.000000,-0.775342,0.000000,-0.631541,0.892501,0.000000,0.194716,0
-0.633133,0.000000,0.774043,0.000000,1.000000,-0.000000,-0.774043,0.000000,-0.633133,0.894763,0.000000,0.192915,0
-0.634710,0.000000,0.772750,0.000000,1.000000,-0.000000,-0.772750,0.000000,-0.634710,0.897004,0.000000,0.191124,0
-0.636271,0.000000,0.771465,0.000000,1.000000,-0.000000,-0.771465,0.000000,-0.636271,0.899223,0.000000,0.189343,0
-0.637817,0.000000,0.770188,0.000000,1.000000,-0.000000,-0.770188,0.000000,-0.637817,0.901420,0.000000,0.187572,0
-0.639347,0.000000,0.768918,0.000000,1.000000,-0.000000,-0.768918,0.000000,-0.639347,0.903595,0.000000,0.185811,0
-0.640862,0.000000,0.767656,0.000000,1.000000,-0.000000,-0.767656,0.000000,-0.640862,0.905748,0.000000,0.184061,0
-0.642361,0.000000,0.766402,0.000000,1.000000,-0.000000,-0.766402,0.000000,-0.642361,0.907879,0.000000,0.182322,0
-0.643844,0.000000,0.765157,0.000000,1.000000,-0.000000,-0.765157,0.000000,-0.643844,0.909988,0.000000,0.180595,0
-0.645312,0.000000,0.763919,0.000000,1.000000,-0.000000,-0.763919,0.000000,-0.645312,0.912074,0.000000,0.178879,0
-0.646764,0.000000,0.762690,0.000000,1.000000,-0.000000,-0.762690,0.000000,-0.646764,0.914138,0.000000,0.177175,0
-0.648200,0.000000,0.761470,0.000000,1.000000,-0.000000,-0.761470,0.000000,-0.648200,0.916180,0.000000,0.175483,0
-0.649620,0.000000,0.760259,0.000000,1.000000,-0.000000,-0.760259,0.000000,-0.649620,0.918199,0.000000,0.173803,0
-0.651024,0.000000,0.759057,0.000000,1.000000,-0.000000,-0.759057,0.000000,-0.651024,0.920195,0.000000,0.172135,0
-0.652412,0.000000,0.757864,0.000000,1.000000,-0.000000,-0.757864,0.000000,-0.652412,0.922169,0.000000,0.170481,0
-0.653784,0.000000,0.756681,0.000000,1.000000,-0.000000,-0.756681,0.000000,-0.653784,0.924120,0.000000,0.168839,0
-0.655140,0.000000,0.755507,0.000000,1.000000,-0.000000,-0.755507,0.000000,-0.655140,0.926049,0.000000,0.167211,0
-0.656480,0.000000,0.754343,0.000000,1.000000,-0.000000,-0.754343,0.000000,-0.656480,0.927954,0.000000,0.165596,0
-0.657804,0.000000,0.753189,0.000000,1.000000,-0.000000,-0.753189,0.000000,-0.657804,0.929836,0.000000,0.163995,0
-0.659111,0.000000,0.752045,0.000000,1.000000,-0.000000,-0.752045,0.000000,-0.659111,0.931696,0.000000,0.162408,0
-0.660402,0.000000,0.750912,0.000000,1.000000,-0.000000,-0.750912,0.000000,-0.660402,0.933532,0.000000,0.160835,0
-0.661677,0.000000,0.749789,0.000000,1.000000,-0.000000,-0.749789,0.000000,-0.661677,0.935345,0.000000,0.159276,0
-0.662935,0.000000,0.748677,0.000000,1.000000,-0.000000,-0.748677,0.000000,-0.662935,0.937135,0.000000,0.157733,0
-0.664177,0.000000,0.747575,0.000000,1.000000,-0.000000,-0.747575,0.000000,-0.664177,0.938901,0.000000,0.156204,0
-0.665403,0.000000,0.746485,0.000000,1.000000,-0.000000,-0.746485,0.000000,-0.665403,0.940644,0.000000,0.154691,0
-0.666612,0.000000,0.745405,0.000000,1.000000,-0.000000,-0.745405,0.000000,-0.666612,0.942364,0.000000,0.153193,0
-0.667804,0.000000,0.744337,0.000000,1.000000,-0.000000,-0.744337,0.000000,-0.667804,0.944060,0.000000,0.151710,0
-0.668979,0.000000,0.743281,0.000000,1.000000,-0.000000,-0.743281,0.000000,-0.668979,0.945732,0.000000,0.150244,0
-0.670138,0.000000,0.742236,0.000000,1.000000,-0.000000,-0.742236,0.000000,-0.670138,0.947381,0.000000,0.148794,0
-0.671280,0.000000,0.741204,0.000000,1.000000,-0.000000,-0.741204,0.000000,-0.671280,0.949005,0.000000,0.147360,0
-0.672406,0.000000,0.740183,0.000000,1.000000,-0.000000,-0.740183,0.000000,-0.672406,0.950606,0.000000,0.145943,0
-0.673514,0.000000,0.739174,0.000000,1.000000,-0.000000,-0.739174,0.000000,-0.673514,0.952183,0.000000,0.144543,0
-0.674606,0.000000,0.738178,0.000000,1.000000,-0.000000,-0.738178,0.000000,-0.674606,0.953737,0.000000,0.143160,0
-0.675680,0.000000,0.737195,0.000000,1.000000,-0.000000,-0.737195,0.000000,-0.675680,0.955266,0.000000,0.141795,0
-0.676738,0.000000,0.736224,0.000000,1.000000,-0.000000,-0.736224,0.000000,-0.676738,0.956771,0.000000,0.140447,0
-0.677778,0.000000,0.735266,0.000000,1.000000,-0.000000,-0.735266,0.000000,-0.677778,0.958251,0.000000,0.139117,0
-0.678802,0.000000,0.734322,0.000000,1.000000,-0.000000,-0.734322,0.000000,-0.678802,0.959708,0.000000,0.137805,0
-0.679808,0.000000,0.733390,0.000000,1.000000,-0.000000,-0.733390,0.000000,-0.679808,0.961140,0.000000,0.136512,0
-0.680797,0.000000,0.732472,0.000000,1.000000,-0.000000,-0.732472,0.000000,-0.680797,0.962547,0.000000,0.135237,0
-0.681769,0.000000,0.731567,0.000000,1.000000,-0.000000,-0.731567,0.000000,-0.681769,0.963930,0.000000,0.133981,0
